3 33 14 43
3 180 29 238
3 216 244 223
4 221 53 5 173
3 36 284 106
3 234 188 205
3 167 281 265
3 65 166 98
4 0 32 291 2
3 54 28 292
3 116 204 266
3 179 241 152
3 296 282 12
3 168 39 112
4 108 230 248 130
3 87 128 255
4 34 277 45 175
3 85 217 141
3 212 68 192
3 164 40 31
3 41 102 250
3 275 174 20
3 184 185 55
3 249 121 51
3 75 295 252
3 80 82 142
3 110 172 196
4 99 214 199 183
3 103 239 264
3 88 146 67
3 72 202 78
3 259 26 182
3 8 243 17
3 4 271 71
3 294 64 59
3 148 122 104
3 7 222 289
3 161 268 288
3 162 158 154
3 13 177 233
3 134 111 297
3 127 86 176
3 159 11 120
3 203 209 126
3 62 236 280
3 133 170 272
3 286 50 145
3 210 207 100
3 246 254 115
3 299 157 155
3 276 89 143
3 95 191 256
3 260 298 293
3 92 114 194
3 24 258 251
3 220 27 66
3 136 3 228
3 58 61 47
3 137 197 231
3 290 73 37
3 227 163 206
3 107 269 94
3 150 140 229
3 193 253 215
3 285 76 49
3 218 160 262
3 15 109 97
3 273 237 1
3 144 23 279
3 74 48 69
3 105 6 240
3 171 147 123
3 225 195 135
3 125 283 153
3 18 190 178
3 63 131 9
3 56 117 30
3 213 138 211
3 156 93 46
3 19 201 169
3 187 22 186
3 261 70 151
3 198 235 208
3 60 119 149
3 38 101 84
3 263 42 270
3 57 10 278
3 200 90 189
3 44 83 247
3 245 81 132
3 267 25 257
2 226 219
2 21 16
3 79 287 52
2 129 181
3 113 118 77
2 224 35
2 96 242
3 232 139 274
3 91 124 165
