47 8671 6530 663 967 9322 990 1399 517 8232 1031 8043 8988 8802 1905 8542 4469 5749 2402 4996 1081 5847 5524 3743 745 1269 489 2691 8944 4014 249 7333 544 1894 6039 9216 8578 2541 858 3940 2546 5465 6570 82 7633 2122 3768 8725
46 3729 7319 1460 5426 8687 7210 2974 9121 5025 5594 8257 4931 3479 2345 3275 9867 3051 6357 7010 9452 1883 4041 308 8733 5741 6421 3254 9248 8896 800 9669 8211 99 8937 525 7966 4445 793 9878 5318 3968 899 3807 3511 4873 7996
46 5670 4370 1694 7409 5189 1392 7538 7251 8976 8362 5284 335 6244 2985 3325 9094 2933 5078 367 4254 3688 8162 4689 2709 345 5069 9083 4859 8967 3749 6254 9279 3932 3403 7096 8811 6112 8822 6621 3390 6235 6674 950 5859 7733 7339
46 6755 5941 3556 9957 8174 5799 6931 1076 5256 9887 9051 9453 5403 4635 2532 992 7477 6123 8294 1918 2453 5125 4176 4839 9997 6548 3396 1711 683 9864 7024 5648 4289 3309 931 973 156 6793 7040 5097 4628 2349 8806 9349 6585 3582
45 370 423 155 3226 9218 9106 7000 7873 9391 7574 4489 7078 53 4248 8435 3875 1553 4051 393 9173 3985 8132 3634 9731 1621 7649 879 7782 2712 6801 1203 65 2568 7960 4218 9139 7091 1015 8825 5588 7506 5421 9912 8033 8263
44 3248 7747 9542 9724 6847 3224 4909 3094 7197 7656 2625 9 6230 8452 5978 4568 1537 3852 9935 7346 585 4964 3673 3822 9022 503 9897 8340 3058 4058 7755 2518 2951 5733 4352 4195 3303 8071 2080 7566 384 8913 5631 7657
46 1379 9967 9780 8716 467 1077 1073 8943 5583 6767 8497 8564 2647 3895 3687 6986 4687 6454 9285 4042 2659 5617 7764 4235 9837 2813 3251 5216 7249 2303 1171 7670 4694 6977 1586 6884 3878 3997 4146 7303 515 1801 1701 1642 4361 2637
47 5186 940 6066 4529 2947 5628 7899 4919 8626 9253 2652 413 196 1211 9205 398 2850 1157 5772 9373 3792 2708 2643 6950 7298 1483 1326 410 5087 2394 1624 2957 4752 6557 4677 253 678 266 4411 697 7371 5049 4600 1327 9306 3486 4197
47 9435 5246 5399 5880 9636 6385 2449 8909 2969 4631 1620 8477 246 9869 2194 1434 7972 2083 6033 6478 2231 5538 7239 8604 8039 7592 5126 8054 55 2258 5050 3188 307 9854 1023 6657 3225 4406 3653 1197 1458 4378 7478 5213 900 6338 2326
45 6119 1591 4426 1114 6163 4509 923 4637 7244 4980 3585 2111 2987 9788 9324 4761 3320 624 2639 1981 7453 3073 5630 8032 3818 6187 8487 1692 7793 2489 8651 3715 6400 1493 542 4721 3924 2076 8023 4746 5759 1095 878 4863 1224
43 5961 906 4731 9460 3509 3131 9463 2649 2003 3871 798 7138 360 2561 44 816 9614 7121 1192 7597 2157 8565 6051 9102 4461 201 7724 9214 1589 4805 9873 3631 1278 2275 1317 3500 5708 4322 7856 9581 918 6439 1723
43 9615 2213 3726 6686 2150 5568 5968 8560 5716 7943 358 5247 1606 6080 6494 8489 3677 2084 3645 2071 3385 8627 6974 9914 7913 3395 6355 5046 2249 8335 8545 1033 6447 371 6464 2392 7082 6126 1969 3202 4664 4086 8781
46 7329 4194 1117 2980 6212 2715 5826 8126 2104 1707 5157 6519 4457 3744 361 9478 1231 5757 8094 9611 8499 6094 9111 9526 505 7817 795 2008 5227 8438 6465 2372 7749 5765 9025 9220 8348 7697 7915 2747 1549 9424 6733 6510 30 6807
43 5071 4930 1823 9547 6393 7235 1759 4375 5135 1290 5591 2477 2 3228 6320 3856 6720 9739 764 8096 8833 5820 185 357 7847 4620 6586 2028 1374 8258 8769 7634 8249 7530 8954 5206 1987 6516 9054 2105 8749 7321 3930
45 6896 3787 8817 1137 4502 5192 2006 7130 4026 2690 3949 3196 4736 1555 5837 1315 3377 4823 6858 4455 7785 1368 9799 7185 4202 7507 1825 9370 4167 5919 4669 4169 5902 5925 6055 4256 7176 4520 1153 2355 9468 703 2656 2875 3859
45 572 3183 2895 4271 1441 635 1342 6108 524 248 9888 9268 8936 527 7963 8343 7352 3476 6703 5153 6375 741 1949 5298 3163 4547 3898 6208 6025 4512 7581 9726 5990 9933 5473 4032 6431 6458 6802 5022 6559 9647 4101 9992 4501
46 6264 4229 2336 7148 8814 5835 4714 3243 6579 7583 5091 6804 8616 5123 130 4883 4526 7909 8999 9508 3394 3297 138 9454 3873 7933 5936 8360 5114 5603 2525 4812 7163 8259 2770 8728 313 176 4836 2261 4850 5704 4261 8663 149 9821
46 9099 1105 1183 6485 3830 3261 1521 4135 4514 8696 8803 7660 41 1515 2788 5418 3353 189 7713 7108 3284 7263 7110 4913 1347 7906 6333 4524 8886 8882 4286 3134 5637 7347 6168 1449 2260 698 2495 9763 5363 1673 7037 6928 768 8465
46 6074 2215 3692 6378 9072 6569 3273 3031 2198 1836 6263 706 2854 7223 550 4255 3741 2790 6998 5407 7937 7379 6775 6891 4594 5106 3453 3 4282 5215 1967 3755 8450 8862 8127 8145 9467 297 8528 686 1111 1819 3907 7934 4878 1195
46 5850 2013 1147 3727 7030 300 3533 3834 5470 7600 8532 9291 1281 426 7732 4603 7522 2766 363 962 1109 5973 7212 1063 2343 1129 8059 576 2798 302 8717 8644 4921 9497 7039 4269 7560 7500 6096 7466 4768 3734 9428 2167 9637 5863
47 1247 2386 9518 3869 3062 4943 4075 4661 5913 2308 4951 2580 9494 999 5599 3082 6597 2000 120 7331 895 3132 580 997 7009 6607 9044 2458 9237 4590 7928 4719 1626 8014 1565 2367 8531 1070 8158 6995 6166 8445 6692 8462 9160 559 3318
45 5440 8404 6143 3366 4087 8830 1695 9381 4274 6982 194 136 2197 694 5483 3264 8463 114 436 5640 4144 2904 6099 8956 9725 1019 9070 7142 356 4347 2705 2285 3647 5658 3162 9465 488 1262 8666 7465 2292 9980 4619 5979 1451
46 2836 175 9663 1916 7617 8233 3701 3210 2979 2155 7378 167 1304 6699 737 1729 7936 5239 2544 7374 9716 581 2491 9828 5175 7116 4877 5810 667 9052 9926 736 6976 3246 9289 6134 4116 8265 2976 1040 9330 6274 2247 3980 5377 2060
46 4372 6436 1227 3060 8403 5684 6142 8584 5026 575 6409 4479 6311 6582 6022 9338 1960 7338 9667 5789 4403 8544 2127 6900 758 2725 8240 5235 725 4203 643 6536 8215 7786 5338 276 9557 5934 1790 1784 8144 5151 5879 6867 2360 7171
47 3099 9175 3141 8697 2760 4307 4784 9968 7624 2865 9461 9002 8331 8983 199 5580 2132 4154 5933 4924 8957 4966 8256 8570 2984 9066 9472 8639 7840 9789 2892 8785 3828 5738 3926 9922 9625 6067 8977 9153 561 642 2764 8255 9470 4553 64
48 9835 539 9132 9466 9996 4831 8429 9193 4225 6897 9704 9257 3002 5781 2244 3442 2761 6321 6411 2542 6092 8669 1743 9504 8488 9558 6845 8002 3201 5698 2274 6278 31 1877 3604 2896 1726 6184 172 8668 5688 6820 8221 4709 8289 5601 2049 6895
46 3778 7383 1794 583 1170 4797 6228 8287 916 3849 3599 2857 2447 9550 7967 894 1516 9964 6210 1000 4948 7220 937 593 8201 6846 7687 8381 5753 1685 1600 9429 180 481 1225 6218 1512 8688 8493 523 592 3975 7324 6542 5152 844
47 852 3190 7431 9307 7224 8922 8573 2811 3129 1546 7360 2959 6787 1396 8133 2556 774 9546 6643 8832 9910 3632 4681 5136 1412 132 7419 7569 2454 981 6860 3375 1043 4825 7157 3612 6065 9541 9650 3494 3421 7162 6410 2059 9696 6960 4380
45 696 5193 710 4242 6379 3490 8053 760 2470 9239 1156 4181 4781 9670 7181 1829 4668 9246 2022 5085 5288 5632 4775 7395 9852 5549 312 7796 5803 9299 8078 9973 1536 6334 9490 4511 1919 5802 2884 6363 7372 2052 203 7047 3646
45 9199 5840 7254 6371 2824 8366 9727 6406 8171 6383 8431 4076 3522 8647 2035 7586 3908 2757 9928 1609 3835 9145 9740 6453 8270 2362 2164 1831 8163 493 9537 1339 8475 7854 3155 4190 6799 1270 7420 2196 5605 2429 4498 6343 9747
44 1248 933 651 4258 7762 5132 1422 7669 3434 3872 1028 70 4629 3469 5480 2841 1851 1681 1214 3153 3488 4692 7458 2611 8498 2982 6073 9232 4079 7528 2271 6969 9606 4895 4068 8222 5793 2973 8212 9195 4443 1074 4847 9282
45 9502 8079 9987 165 8624 7953 1635 4151 6796 447 1291 3848 1371 8884 1284 8061 9192 8993 6457 6297 721 4063 873 368 9337 548 4103 2131 905 888 9793 7277 3006 1830 1603 6098 1164 5552 2972 8244 6482 4266 1014 9624 5158
44 8521 5502 9000 1541 8324 6789 8102 6048 8293 3067 3491 20 7692 5344 9886 8520 8460 247 2191 6993 9498 8850 1828 2678 8512 5600 4700 3069 8829 3436 1065 778 6756 3836 9251 791 9628 5824 9894 7994 6466 5236 343 2527
44 4622 565 574 6398 6233 3797 4872 6373 8251 4393 3065 8419 3850 8529 2338 5726 6081 4987 5621 5463 8329 3956 5068 2295 4610 9484 9108 5883 6070 2632 2252 5370 6194 9705 3474 7836 7922 4959 5094 1826 5997 4178 8026 1785
45 8552 926 6402 3742 7911 4396 814 5983 8224 1447 5265 3573 4045 5696 4596 2683 1279 5814 1042 1818 7213 9194 1421 1112 32 8159 9300 526 6467 6880 7738 5064 508 3589 5142 6611 2613 8548 5518 7435 8990 5668 1403 4983 8577
45 9689 5207 6761 2116 3203 1048 7954 7775 2280 6655 2277 2847 359 7158 4213 9845 3098 9622 8914 3221 2702 3130 828 3103 7947 976 7604 8602 7742 213 5310 3262 233 7795 3525 3788 3332 9682 5392 587 3559 7390 907 617 5533
45 7902 1010 89 2686 2404 6583 2550 7827 7355 6731 6923 1907 5531 338 5715 6826 1478 4934 1228 521 8665 842 1366 6245 8084 3710 16 5946 3649 1773 2377 215 6857 925 7921 7401 6876 3991 4908 3777 229 9995 5048 2327 577
45 9607 4821 1026 7694 7554 2070 9741 6790 1393 4360 3296 2411 1934 4602 8978 9900 4205 9479 5079 2916 3111 7529 6462 8112 1021 9061 9095 1654 1563 7391 9018 7993 8283 6664 8169 5636 4953 3506 5940 5433 1914 682 7304 2130 6961
45 5986 5650 96 5467 4299 4575 2911 2133 9698 7765 7498 443 8121 7606 2412 5261 4179 1757 2906 4900 8541 5616 6639 2727 1133 5365 8250 1615 1180 4192 11 5667 1898 9713 7547 9752 7139 3784 5718 5163 3234 5462 9601 5134 3658
46 6470 1249 9407 4442 5445 1583 3821 8617 4811 4871 3119 7679 6861 2340 5739 3415 6240 8135 8972 6675 5469 5992 3426 3686 2710 6922 6817 4273 6471 4707 7576 4915 1166 3959 7054 6689 9576 759 2219 4155 9761 4315 5255 656 4028 5275
47 1533 3838 7066 7780 3884 4381 7446 8575 6496 8901 479 12 3722 2042 4351 8372 6514 8812 9600 258 8906 7405 3232 5918 979 109 7025 8479 4419 2468 9036 5629 9586 5570 1639 2557 8051 6138 8027 3583 7790 2200 9329 7003 152 8969 601
46 7771 1381 6985 8900 227 9005 9011 4398 8029 6830 1873 8773 4705 8220 4094 9374 2849 3882 5807 5644 4862 3161 5585 3307 2504 8863 5839 8342 661 7801 3124 2315 4126 3886 1474 2879 3841 2581 3100 9563 9078 7028 169 3326 9207 9804
46 2650 336 4376 470 9969 8934 6577 2039 6124 1601 9059 6181 8408 4588 6797 7020 2242 2604 4564 3176 1066 6587 9363 6540 4704 7366 1198 3963 897 7828 2730 8015 3063 3684 9779 829 2281 8405 1796 9812 5128 8415 3548 2466 5477 2902
45 9855 1982 9686 9978 5685 7706 4969 1148 427 3355 419 3578 3407 5474 4766 458 4323 5615 6040 2861 3618 8845 3342 4532 681 2173 7816 4237 8200 8214 1463 812 4937 1927 3771 1472 4621 892 8433 2254 4536 4334 6783 5332 7041
47 2048 346 6057 280 5443 8077 747 5352 9420 4505 1219 5745 4754 4182 7523 4209 6214 8253 4533 3311 9924 330 4918 2530 328 4034 9589 6698 6806 8317 3334 9451 8400 6827 6152 8729 6164 3672 4945 6248 896 6528 5546 2121 2571 4541 2944
46 9128 6893 9366 1455 7051 740 8075 9017 1404 394 5773 4755 2073 891 2089 1568 8276 9450 6735 8779 4521 5082 9879 8792 2306 6776 7651 6749 7247 170 4788 9043 6909 600 5818 9673 2390 3527 1846 7646 6592 9476 835 2536 4215 1426
46 7278 4017 418 4326 7270 8599 1631 4172 7238 3594 960 9719 1193 4175 720 5156 4716 1944 3034 1222 4970 6811 6364 1337 2310 8611 4853 8028 2626 1948 6646 821 5959 154 1661 8959 1658 8856 4433 1075 9661 6223 3027 1897 1297 3206
43 6071 9948 9386 9954 7203 7844 5376 6994 1738 5572 6290 2241 9123 6162 1971 2314 2461 670 1035 2077 3754 4033 2535 6324 5977 5184 970 3379 6648 2981 5950 5219 3643 7088 5868 3961 9786 9062 5475 4031 6432 2529 4311
46 5034 1091 5633 9269 6438 4196 1887 3880 4276 3041 4577 6814 3121 3581 3437 2845 4713 6914 2007 8955 7 6237 8569 2752 8049 3253 6766 915 8456 5851 2634 15 8261 1811 5109 7340 1789 7515 6759 7427 1841 3660 9794 9936 6416 4879
45 5429 4981 2516 4198 6261 2919 1125 6093 993 1375 128 299 2940 3386 9690 6077 5357 824 8559 7007 7368 6337 1059 2685 7099 2019 348 4645 1216 1945 9507 7977 9211 9359 2222 290 2067 7739 6959 8592 1152 8676 8870 2354 6837
45 4130 8363 2431 6972 2741 6473 9213 2476 2416 6899 9115 422 4531 8605 4816 4638 4358 5231 5920 8724 1526 3159 4566 4335 3912 4856 2676 3408 131 4795 957 9008 5230 5942 5801 4390 2694 1134 5903 9575 9358 6001 4157 6736 7618
46 6492 5439 7411 2434 7093 3794 4212 376 8180 8674 6003 8798 1158 7481 563 6234 2978 4016 8012 2762 3565 6898 6045 2594 6595 5486 6610 8146 3145 4758 267 8339 5989 5614 6722 7614 8167 8960 8646 1122 9764 6934 4428 9317 794 8690
43 2492 1610 2176 2128 2478 595 5353 4362 570 8274 3857 1140 9365 284 366 1165 5337 1608 4581 9301 98 63 4905 8869 5335 1576 1662 9345 8940 1653 8952 2809 4456 6739 9474 5205 2587 3075 7501 6461 2342 2148 5028
46 3050 6167 101 2636 9135 787 3025 8536 880 1809 7014 435 1816 7186 293 9184 9096 625 9097 2161 1027 7252 9585 5970 2963 912 9792 8513 6183 5293 4657 7418 3611 713 1508 9084 2540 5101 5543 7149 709 7444 5912 9140 8123 9642
46 4495 3339 87 5065 3012 2891 5607 3714 9768 1953 9582 6300 9693 4738 2774 1612 8726 8500 5185 9983 637 9577 4387 5414 6968 8384 1087 4611 7751 6188 6882 9712 9117 8991 783 9182 5876 2948 9058 4865 5402 8494 1547 4802 4893 3207
46 3793 7756 2421 4889 3681 206 9064 3346 4799 49 8874 2958 5499 9856 1003 6046 2081 1798 5329 4986 5296 4770 5821 7961 1781 1876 7261 8042 2822 4267 141 7018 9120 6199 5388 6525 2018 8847 256 8228 6663 4391 2789 1736 2498 265
45 8107 4656 8505 5598 7297 4287 8805 9165 2417 8196 7055 1054 5886 1741 5944 851 4906 5321 424 4666 6113 7178 9278 1731 4342 8840 466 7133 9528 4327 6213 3602 7672 179 7228 3993 3447 6349 7447 3480 8702 5287 9745 5038 455
45 4162 5472 863 3757 3019 243 2717 8009 1030 6426 6727 4851 610 2058 7462 6590 4059 2206 9743 2165 914 1511 7388 2435 5728 8229 354 2419 5626 7752 7770 6777 4627 4382 7356 4098 5595 133 1476 8307 4159 5240 61 2046 669
47 9040 1413 261 8288 6695 2324 996 6865 1411 731 9798 275 977 3003 108 4899 5994 434 8804 7708 2214 4270 7815 8752 3748 7886 3702 5057 2409 3429 869 5874 6615 244 8269 2033 1975 408 5092 5401 6459 6936 8323 5009 3167 7731 4767
46 8100 9155 9681 790 9274 437 1625 1495 6697 3021 2586 8218 2923 4742 8941 982 854 3694 3540 107 5233 7236 3904 7156 2096 7199 9464 9167 5655 7164 6566 3152 9679 6259 8780 3454 5526 568 3467 6339 7456 2291 4867 3691 535 3260
46 7258 7715 9288 7154 5497 2664 7675 6622 4118 3440 6102 7513 2794 4220 2024 2272 2870 4452 4460 6060 7141 9511 4995 826 9393 316 8530 3842 567 9321 3333 588 8794 6835 7182 6556 2526 4357 3227 238 9441 1714 1525 1064 6475 2607
46 975 8234 2106 399 4298 1590 78 8106 3503 6117 8271 743 7291 9717 4262 755 5681 6251 7607 636 7509 4115 9344 7613 2912 2776 3384 1209 1141 8297 3669 3335 2207 8424 2700 2484 8596 5360 1090 2779 9942 4279 8202 9109 5527 472
47 5798 1360 6365 2090 3276 1318 732 1372 5737 4993 7200 7778 7011 9050 3664 1355 1013 3001 1418 2955 6296 1861 3194 959 8247 9805 9998 8965 2749 609 5515 1487 6724 2942 7211 6988 7609 5574 3657 222 2380 7721 3289 4140 9432 4388 7834
48 3545 6630 9223 6121 5300 8844 5000 640 8021 9203 6277 5438 1319 3464 6144 6743 6656 1888 476 6012 6667 1017 9493 3187 8370 6013 6647 4186 5305 6135 4473 5506 209 590 1964 6043 3918 6869 6403 6521 6844 2265 221 3514 2658 4435 1860 7629
45 7830 2578 2088 4060 8230 2750 2333 2011 3404 8867 4994 6392 4402 5280 4573 9204 4339 7970 2064 6381 3894 4253 7931 5428 2433 5330 1038 7225 4268 9019 6298 1287 3213 886 5768 7776 6394 3091 7695 6920 9425 9326 1968 1123 7741
47 7725 7389 4424 5442 8681 6035 3562 7952 7779 5833 3214 5620 4876 9706 8911 921 7323 1006 2178 4486 1479 1972 4009 5893 5491 8828 3616 9520 2240 6571 9921 6281 775 7716 7700 7632 5493 260 6273 5782 6175 5422 8470 8948 1930 1623 3406
48 7135 2405 7499 779 7534 7974 5346 7067 9032 4078 339 1810 8010 6551 7677 4641 1668 9448 5203 8176 2784 983 1572 727 5326 9618 3721 5447 9409 3719 1177 2086 6031 9258 3128 8588 2180 5665 3560 511 2887 5811 9318 3178 5182 321 105 8815
48 9004 8254 8590 6390 421 8787 1775 4465 3083 3064 7146 8720 2253 4679 7129 9069 1377 6009 5736 1022 50 4170 9170 2777 4070 3117 8962 2030 3023 2829 7655 9594 9055 3298 1473 881 1357 9685 8024 1072 8187 4345 1256 4275 9825 1924 1644 4350
46 1954 2499 6260 8425 240 7766 5754 7846 702 9548 2082 2554 8041 874 210 7710 2771 6567 9201 8130 7308 2803 193 2934 3638 9703 8742 91 6285 1703 6310 6916 6202 7580 277 5174 6864 5283 7743 1445 9626 4902 6509 9265 3883 9030
47 630 7813 1523 6498 2296 6813 449 8388 5609 6294 6151 7046 9035 6629 7745 1139 9517 7269 4548 4515 1159 3718 2885 5679 7305 936 3336 4828 8551 4613 1425 8161 4226 5451 3974 9379 3703 1998 2990 8426 9596 7102 7189 6444 5523 6947 5846
46 9189 6719 2925 7165 4820 303 2290 3534 945 8298 2576 9001 6545 7579 7763 1482 7893 3475 4413 714 5945 4698 8511 8349 9777 1354 2509 6114 7127 5272 552 9870 3146 6784 7195 2616 6650 471 8583 2732 5127 34 5307 3564 8907 5558
48 4733 1461 6158 6295 3139 5333 2817 7100 1634 5103 116 7452 468 1199 2707 8205 9759 9818 7668 9631 8579 6641 1676 7105 1834 7737 3720 4640 6515 1664 3855 2108 2441 3487 5534 9813 6726 4551 9849 1044 3127 3552 9073 2488 1309 9397 73 4576
45 6644 8375 2307 1435 8767 7283 3452 9071 3917 7896 5960 9674 6450 8409 7924 4005 8003 2688 9923 838 2185 6293 4771 1034 8864 7879 8101 7460 3052 7031 6076 3045 431 3076 5162 2228 7013 5766 7059 4597 1839 7294 3698 4540 1912
47 7479 631 6186 8925 6109 1 7354 9208 4200 4466 1229 4880 9281 4992 8710 8721 353 9134 3547 4015 8719 347 9770 847 699 3497 8897 654 377 4516 2863 3231 342 5066 7205 9538 6723 7109 3654 2001 1538 7605 291 4808 1929 2758 5932
45 9829 6751 1312 390 4585 4928 6401 3028 2199 3546 2638 5223 6747 7926 9186 7539 9041 8949 8958 516 545 5044 9620 8273 3760 4660 166 6286 6620 8747 5194 2123 1468 8491 4708 8280 5522 5729 6346 2838 6888 2026 3587 5706 9414
45 4818 4476 5947 5314 5155 2456 1245 9519 2880 3017 9200 2718 9771 9521 597 3887 2074 7469 7611 3758 9403 2970 9400 484 9599 234 1466 2284 8226 7053 7855 473 9141 8008 4861 8753 4892 5145 1453 9718 6241 4654 5311 2192 1889
46 9068 7068 7973 5455 6883 4522 3897 6704 8383 2773 9033 9808 7083 8374 4332 6058 7979 9758 504 6075 2225 4935 8550 9107 7505 143 7542 2099 1101 292 4210 2621 2670 3417 9183 2140 5295 4318 4608 145 432 4110 3499 9641 5237 8359
48 232 2175 67 3451 8423 3815 8386 311 537 2443 861 8394 4972 4963 1567 269 4539 6037 2787 6016 1940 6141 314 3774 8097 4985 4667 8473 1705 8670 9941 9617 2029 2720 4927 2162 5999 8080 117 4574 6877 2877 3093 6600 2510 415 5756 147
45 534 134 1345 7727 8266 2359 8526 3435 6316 9380 3765 4785 4858 5104 4782 9803 7991 8620 6841 4301 6200 1943 4227 5496 3382 9532 9646 4291 9993 9890 9342 4911 6715 7262 401 4440 6354 9593 4869 500 2672 3900 514 5259 3018
44 85 3164 1886 4672 7543 3812 819 7784 7266 3173 4842 8731 980 7862 1574 9079 6742 5308 5871 6090 6701 2996 8193 7070 4216 2998 4773 8793 1993 7553 6352 1500 4956 6708 47 633 1311 3242 4474 3504 8284 6169 3543 5714
45 5003 8011 5148 1629 4400 5244 4007 2585 8507 6064 9543 2964 6563 6010 5643 5748 5409 9174 5444 1632 2014 5198 7396 1745 259 3364 4891 4855 7172 2297 3891 6369 2517 4890 4083 9357 4787 608 8861 647 6104 3530 3055 7234 5550
