15 7005 200 6455 5540 5087 4331 1930 7629 3925 2938 4523 9584 2452 8881 7206
13 1900 6649 3596 3826 8309 7253 9657 572 7493 2885 872 1487 7921
10 5137 9705 4854 9832 9135 2829 4497 9089 2758 4272
16 48 1784 6536 2181 9127 3354 3181 7267 6932 3750 7865 7365 214 2552 5529 180
10 837 7249 5710 1565 881 3614 916 5482 1717 3659
10 2009 6410 823 7085 660 8806 6121 8968 4033 5186
16 303 8586 1734 8653 7000 1651 4347 7931 4654 4128 9701 2359 7588 634 8390 7890
21 4839 530 7792 3420 98 7548 2250 646 4605 8094 4930 330 1639 6821 9026 8492 3266 5675 5655 9998 5530
12 3156 7346 1518 907 575 6982 4906 3494 8247 9908 7153 2978
8 9256 6529 1023 9837 30 9607 7195 5247
10 4094 9412 7442 7779 2115 4942 3428 9624 7016 7420
20 1335 4758 8566 5341 1223 6399 645 8667 9524 2089 2948 6833 6064 7872 6629 6975 1932 1854 2950 4053
11 7270 7710 1281 3798 4224 3843 8550 8343 7298 1061 9725
10 2581 3396 9474 4248 4840 1328 694 7125 8233 8460
7 9913 3426 3512 8737 175 3539 8143
19 5497 4693 8328 4914 6784 6192 7277 2234 9219 4858 3429 9420 9278 9884 4135 6083 153 3521 4647
9 3580 3276 3786 4410 4205 1421 3230 3759 2887
8 9504 146 928 1999 8121 125 875 2939
12 1178 615 4396 5838 8224 8665 2805 2065 1604 8821 8325 4571
15 1992 5090 1079 66 7668 550 7763 2835 5559 6134 6262 9248 1033 1463 8679
14 7936 497 9341 6476 6398 4613 4072 4065 6366 8289 1317 6157 1053 8242
14 4435 6547 6132 8991 5124 2174 7701 1338 7187 1417 151 5911 2956 4941
15 2949 7612 9625 4720 332 3842 2477 7883 2383 5658 6513 8026 7552 7352 4736
15 8292 9090 4583 8020 8434 8816 5409 1101 4247 9252 8481 9866 5104 3241 5802
20 4377 3697 5060 3334 9543 9640 1862 5557 4532 4293 5107 1051 4415 286 5032 9629 7556 7529 2034 1094
21 7429 271 248 4170 8548 6550 2675 3793 5064 8560 5915 5486 8446 2715 8916 740 2842 5810 668 2587 803
11 9084 6206 9286 7323 7711 8831 4990 2467 5250 6544 3389
15 5018 8477 277 1724 8426 3490 2110 2121 984 9299 3895 2633 7510 813 6431
19 1209 4788 6711 7994 9617 2731 2635 1496 6907 1239 9784 1783 3757 6414 6609 515 8067 4881 1485
13 5299 5304 565 6125 6809 9394 3114 3584 9167 2817 5692 4317 2945
19 1138 9137 8739 8795 6392 7135 3537 9809 4866 6864 3554 2958 9205 9988 3748 3981 9337 5852 2844
10 8890 5214 9822 880 8860 2682 2068 7939 1477 7354
10 203 4154 1695 5314 9327 3912 3854 521 5921 6436
22 4059 5860 1883 1838 3640 1142 8155 4593 1109 9923 1415 8536 4667 8160 5374 4608 1920 250 3395 8741 2991 42
17 4379 6851 511 4705 8854 5465 5998 5622 4159 3065 3009 7532 5880 6308 1371 3392 5475
18 6783 3758 1843 780 8042 6484 7515 1746 636 5260 8545 5715 8428 1154 6811 8544 8010 288
15 7399 726 7190 4481 1553 9992 7381 9968 6319 4988 2205 777 3098 5384 5680
7 84 8698 9459 1509 6131 8252 6801
19 8518 8840 1530 864 9002 9761 7916 5347 4270 5380 2599 5221 4805 5565 4423 2254 963 7094 4334
6 2920 7325 8272 2398 4100 5630
16 2432 9401 7180 5751 7535 1508 4117 9987 2246 2753 9754 5527 9919 1989 9428 9470
16 4679 8189 3319 3469 2924 8403 724 7498 4800 3967 6862 7507 6184 7598 7132 2486
21 677 583 9274 1221 5393 1222 6164 3669 9641 501 9859 9375 7967 3210 3574 1591 2461 8140 4487 1468 8986
9 606 7877 1776 5983 9192 9079 1308 9945 8476
17 3253 3208 3557 1346 4035 7048 9070 826 9611 6081 2670 7394 9917 2861 6855 6714 7875
20 8703 6485 4502 3036 6029 4938 8973 2355 2910 4209 6708 9655 5519 3495 2388 510 8958 851 1171 9688
13 5192 8158 5507 9985 7870 1143 1967 3130 5309 5525 909 9157 8344
20 3607 9166 9685 2748 4618 1557 2585 3370 7312 2543 4119 2896 5700 7037 4136 3258 4559 2063 5925 9946
18 1315 7709 2711 2904 128 8555 3531 4493 1104 2368 3782 991 2740 2142 6033 3332 4190 3590
13 9393 6304 9052 3291 4353 2729 6389 1314 2808 5479 3201 7806 2350
20 445 3603 817 300 5193 7082 8273 4689 9101 4477 2404 1747 67 5870 7179 5220 6810 4694 6854 9050
6 1543 6875 5377 7628 2573 1197
19 4309 2313 9805 9104 7602 4139 7901 4327 7663 353 1937 9139 1907 3752 1448 5004 2478 1753 4715
11 3444 1170 854 209 2954 9186 8591 5558 6684 2419 2542
18 1305 6123 8021 1024 3989 3740 494 2220 8938 7647 9062 7749 8554 9592 695 9447 8922 6130
18 7475 6965 2293 3773 3403 5539 498 2916 9319 7812 7594 7746 5074 7237 6743 3416 3767 4835
12 8773 5425 2173 8103 130 5372 1612 2231 4862 7551 4289 6610
18 1066 2020 4706 3840 2167 6825 2907 4496 6882 9833 6223 4044 8177 9593 7177 1283 3186 1167
16 700 1773 950 8190 6247 5627 120 6359 9298 6772 1603 3165 5278 9113 8841 3805
16 6807 1227 3138 3585 5766 2706 6927 6596 9082 9077 4777 9879 11 9403 8357 1566
14 2356 3149 1002 6172 6751 1896 7411 7627 6374 1656 3483 793 9221 9231
19 9888 5387 1503 2216 1634 7576 4677 6757 8401 897 8134 6737 9270 3159 3846 2043 2913 5462 2476
17 6901 8351 7438 4966 5994 9972 2402 2209 1681 122 4539 6897 8656 2268 43 7099 9978
11 88 7401 1090 9680 2782 4782 9179 5584 6251 4796 3505
17 8175 3239 3976 2605 1835 1263 6512 5187 9579 1985 4093 5564 9185 1145 2451 8498 3982
12 2571 2538 2681 2036 9666 7193 990 1973 5730 4739 684 5007
16 9675 1674 6186 3778 6630 3621 7169 3215 4074 9224 9709 3137 611 1538 163 9471
7 5445 8458 57 567 7446 476 4992
12 6252 7287 7569 9272 244 5031 5317 3714 7802 2236 96 1498
11 7070 4428 9255 6058 7172 9483 8760 6926 5785 4357 9056
14 719 477 4291 1260 5050 3722 5210 4443 9444 7866 6504 5733 9969 6495
10 7952 5881 4980 6402 6969 2642 7613 6253 1444 6174
8 3654 102 3077 1534 3498 7337 8571 3736
19 7928 5856 4028 3462 8194 3205 4920 2979 6380 7562 5076 6059 1012 6908 4388 3761 9583 2035 1789
21 5693 5161 1100 219 9830 2639 5212 6805 9684 8530 4607 1299 74 7266 9678 4698 946 8743 9801 621 1687
12 3869 6765 5712 5888 6669 843 949 5382 4394 1458 744 8563
18 1515 7319 7849 6182 6420 9481 1081 463 2602 2122 2713 4663 714 4430 1476 7327 7076 9565
11 2519 4536 9503 8112 428 839 599 5169 1008 5903 7923
6 6403 9011 2240 3602 7110 453
18 7913 6718 1511 9795 5405 8970 4924 5567 2547 3007 5099 5537 2955 1501 8109 6861 3962 4439
11 9976 7471 32 7686 3482 4206 4528 7231 6264 4234 3399
14 2135 5885 7129 9349 1412 2513 6094 3221 6923 8058 8764 6798 9188 6282
21 6412 2536 4537 9042 601 7867 3839 2972 9458 1392 8261 4125 808 484 4899 9718 6619 3873 1165 6679 1749
11 769 3696 8236 4629 5844 2228 2479 3052 8599 27 5513
14 7657 6767 7428 5996 9925 8981 3474 7715 7090 1946 4874 8598 8584 6215
16 1664 4761 7580 1441 9537 7558 3970 8597 6659 1872 8099 6274 4232 3847 3694 6696
4 2735 5991 3038 1339
7 3055 6239 9191 8088 2921 2560 2102
7 2576 5049 9464 2140 8306 3216 6320
17 7965 9691 8856 3513 2470 7234 3116 458 3476 5163 1914 3141 7488 1814 2256 8930 2430
17 7318 166 655 9202 7435 1963 8188 3044 7176 6156 5452 7149 8437 9324 7547 1292 7909
16 920 7864 3384 8059 7041 3203 147 1433 2741 688 7817 9516 9379 1519 7333 1017
9 8329 8792 7464 5879 8917 4323 9366 9848 1933
13 5440 3708 3615 1297 5417 8450 6290 2040 8110 7790 3282 50 6945
13 6822 5332 1494 6201 1709 4244 9150 1702 1464 4086 9828 5136 2687
12 4829 6200 4879 3228 8843 6034 5340 278 5734 8115 3661 1125
20 1273 8520 6277 4153 2399 6984 7191 8419 3974 2525 4356 3436 9779 6203 473 8051 7351 9085 5827 6928
12 474 6740 9649 8445 2401 7342 76 9288 9328 1331 2346 6447
14 563 4973 4299 7045 4714 8814 4871 9330 3645 5981 9490 385 8004 492
17 311 1527 8440 2482 523 3915 8761 2997 1325 9734 3999 5005 754 1389 8673 9102 4748
11 1757 328 6293 629 5503 3157 3466 2518 5262 8605 6306
10 2384 6216 9397 8470 4330 2561 34 6211 505 4822
17 268 7398 9495 1564 5816 3666 9874 3775 5837 2915 1436 3691 9436 1921 7062 5350 1229
8 6115 2784 7444 4167 7570 2854 693 5968
16 2917 8382 7759 3530 4653 6648 4105 3946 8693 7205 6838 8283 7958 6047 3635 827
14 2465 9449 4109 348 2927 1324 3901 9419 252 6898 4843 5172 7610 1855
9 1867 6849 417 8367 8652 6762 1176 1067 7403
14 9003 4648 8902 7226 9804 6579 1364 7614 2439 4264 2777 3796 4810 6561
17 9514 9627 6903 6305 5892 3433 2653 230 9321 1041 3550 7879 4789 3299 1690 959 3088
11 7013 9743 9800 9785 9724 112 6298 8475 8307 8513 2528
8 1978 513 2305 47 704 5054 8719 7122
11 8578 7255 3949 7143 7361 5472 8312 3547 1078 9183 943
19 3988 7020 4228 4713 5158 8984 3867 3058 8918 2 9023 7573 7807 8601 6940 6234 2351 1253 1743
5 9305 1192 6672 4329 4382
22 3457 9402 8274 1489 2230 2982 5541 8782 6587 4587 9575 8937 1771 105 2654 2634 5292 733 3609 8896 4019 8812
9 7957 2838 2112 2352 8876 5553 4718 9456 8097
18 1993 892 2523 2577 9738 4724 596 2415 6272 3278 542 5951 6375 2095 1266 3323 9943 3824
6 6466 2123 7934 3190 5091 5534
14 9550 3667 4024 3785 893 4046 2332 3211 1132 8533 6608 9667 217 3006
9 672 4833 9071 2649 7150 7479 1246 1235 1298
16 568 1406 1013 7690 9134 8694 2802 2776 9284 4772 9778 952 5929 2644 4746 4301
19 7640 8179 6924 8564 5234 9497 608 5279 2270 8826 4623 4515 2390 118 5582 5548 5670 2311 6527
16 1815 9078 7372 1729 789 7248 8266 8620 3271 8926 2116 4851 5694 2285 576 1816
13 5424 1384 4717 4756 7516 5976 7860 279 4533 7326 5106 5421 6709
20 1528 7889 5491 6168 9696 6558 4585 4703 481 3169 3701 5941 1797 1539 1042 5651 1096 5033 1748 8565
5 4214 1830 5954 1399 1428
20 4742 8699 5818 8932 8029 9487 6280 9171 8485 867 1459 728 9440 7286 7006 7353 7098 6578 7018 4997
17 3549 6843 6662 1986 9586 1949 85 9159 7724 8326 4775 6974 6880 4804 1449 8294 9091
18 9216 8832 2657 3966 6523 1864 7737 8617 196 9482 1504 2319 7777 388 3027 7743 4565 4461
16 3743 533 9769 9979 313 1942 2548 2444 4711 5310 1631 6816 2931 6038 6707 5639
8 8310 2297 3193 7384 5166 7622 9853 198
16 8271 3188 6119 5853 5437 4819 5569 4426 9742 4734 9498 3351 2756 8400 6560 5943
16 6031 6884 6698 2900 1912 7683 3940 7679 9508 6905 8616 6008 2607 1316 7322 3599
15 5335 5890 315 1430 4953 833 8030 3174 7564 1203 319 6036 1781 7483 7265
8 3471 3358 3735 4343 7796 8906 2370 2081
11 222 3148 9463 6473 846 9469 4792 3493 2212 6326 1610
16 9707 4586 1267 8642 2673 5593 4147 9300 7440 10 3155 5133 8780 6802 21 940
18 7956 8055 7224 9109 1369 1480 1365 9963 6925 4397 5301 4770 8516 4964 6459 3446 8016 7294
20 4894 1984 6752 8868 8575 2787 7209 2754 6357 5514 5794 7926 4211 8833 260 1469 3553 7738 3977 9053
11 423 8184 4863 6213 5208 379 862 8025 3489 2866 4768
17 9020 6069 699 4624 3133 8951 8373 1886 9421 8334 3102 2348 4550 7635 4597 3361 4692
20 6456 1332 9473 9920 8447 2338 8368 4888 782 8953 2076 2362 8353 1715 8539 8817 7620 4407 1770 9899
12 768 9187 3616 7102 3783 3802 6066 3345 6888 3316 6238 8250
18 1097 5948 6338 4704 982 4969 2320 5656 7920 6437 194 8268 5411 7259 8872 9230 356 5383
7 9121 3993 8293 1551 9929 3438 1626
13 9523 1995 5343 9466 475 1521 1647 6643 81 1045 8244 4549 4646
18 8630 3375 7876 4246 1256 403 4099 1700 5256 6719 3267 4685 1513 2841 2630 6813 7360 4389
13 2296 6745 6360 7245 1294 5045 7490 938 2959 2129 235 4453 4471
18 273 3655 4255 7174 2663 1453 2422 6987 6089 3532 2375 9896 6681 5526 2299 2793 116 2085
6 187 7357 306 6336 2712 9740
17 2720 3024 5686 9613 6237 9944 5579 9634 4857 8037 9900 8105 7152 1342 5963 77 5577
14 6916 7230 3381 6746 7167 4489 1876 2062 8871 4582 6006 771 8974 4526
19 4601 2008 2520 8774 8346 3866 6526 1160 4107 8225 2360 546 1583 3570 1461 7754 1590 7505 3178
17 3442 8395 5089 7884 3921 318 5375 5123 6138 6963 774 1796 3290 2109 9153 7653 8241
6 157 4112 4867 8071 4802 581
18 2015 8979 7246 6128 2077 8956 9130 4981 7643 9949 83 1069 9222 6820 8961 1820 7656 2325
9 3371 4080 9045 6729 9158 9263 6566 1817 9835
11 8204 3821 381 6985 2207 6638 9031 1348 9346 6235 4727
19 4071 8213 1240 3958 8835 9731 7066 8901 8504 5188 4014 2810 8562 183 2084 3610 4543 7608 9933
7 2883 5721 4196 113 9116 4887 7990
9 4637 4455 5369 9289 2957 2292 4137 5441 4440
10 4494 3170 419 1208 6562 9983 5083 7101 6386 9868
13 297 8290 4048 7638 3502 618 3625 1870 5154 9630 9534 7521 1736
18 549 9306 5285 7097 2105 5400 6407 9570 9141 767 2023 5041 2906 3145 2534 1451 6162 8153
21 117 8302 5222 5990 5698 4404 772 5291 1309 7698 1768 7778 5619 1402 1531 2345 686 6682 8017 9994 878
18 7862 8219 6537 3675 1220 3022 7900 7197 3606 918 2048 4552 293 9651 6106 2834 9665 2668
14 7293 7373 150 7927 6279 4213 3648 6331 177 1891 2244 3016 1767 3709
7 1888 7314 7574 2751 3314 6463 5906
13 6694 842 1563 9952 3818 2272 9722 1810 8933 678 9460 8471 6517
8 8878 9806 4869 415 8028 9251 9894 238
9 9581 622 211 4485 9118 9238 3261 6190 6785
20 5868 3307 4877 2881 3057 5662 374 1589 715 4594 7525 7370 6181 4398 3686 1117 4345 6622 7292 6382
18 3629 1005 9965 4875 849 9429 4405 2893 7712 5135 6179 1179 7275 8125 7285 8258 2590 3832
10 2695 8203 6076 3717 9370 6379 2395 6283 2984 1880
9 7499 7104 3398 1422 4070 1047 3650 2584 6846
17 961 4665 208 6747 91 9981 799 2440 5219 4121 8688 2290 1057 8129 5611 1885 5975
6 2418 4064 7007 9548 2214 538
19 9698 4233 3104 8167 7208 6393 2856 9392 9539 9242 7729 5689 1679 5093 1152 1827 3597 3331 3827
12 519 1593 7572 1778 4113 3699 3154 8136 3075 589 3908 1666
17 4948 8323 1845 8035 2790 6367 7770 9652 6939 1875 8416 889 6692 4452 7848 5605 5216
13 6695 8950 1869 1994 2118 5699 5371 2732 2057 4903 6471 809 6362
20 4090 2512 493 6024 8176 9602 2126 8505 657 3173 6378 6415 7935 3182 4893 8383 6556 8161 866 7221
12 6039 7028 9228 6674 5917 4219 1688 4258 6620 2863 2971 8231
10 5970 3647 5433 8291 6103 6863 8049 3397 3437 4152
19 585 1605 7810 1010 1860 507 8768 9475 1443 7654 2702 1424 6574 5140 1516 1672 6478 5385 7897
17 7229 4959 284 7210 9564 3789 3790 871 1470 7425 683 3121 8628 1960 294 9029 1058
12 4307 8435 8338 7455 8940 6068 6475 254 8820 2434 9418 9425
18 190 7064 6645 7666 1693 8075 6333 8033 9574 2151 2045 7194 1340 3339 4198 1075 8297 3353
14 6706 3017 3542 2551 7457 674 8072 4787 1592 8603 5909 6589 3161 7578
18 7109 7846 951 9165 4957 6248 8101 6161 979 3454 8745 2154 1391 6171 8491 5353 8003 4004
19 3103 4935 6409 3475 1804 2072 1587 3859 7762 5962 640 7414 6680 8014 370 5992 5882 9780 8697
18 3527 4260 9164 8529 6000 2780 4195 1110 1904 4123 5422 1842 9553 4106 2413 824 3070 8824
17 5235 9267 8715 942 3663 1201 7847 2386 6885 1977 9000 2156 3907 663 7750 7321 9287
6 1492 3362 7882 3877 1844 2532
15 8509 4661 2999 9556 9265 6013 5913 7503 6799 6678 2796 2409 8815 4847 386
19 4525 627 6430 3865 3122 7637 6062 5303 9962 8159 9292 215 8976 5770 2279 1945 4336 6636 964
14 8758 3651 7380 7236 2652 382 9106 9229 3269 9816 6866 4498 8039 3341
19 6724 3196 1908 92 9546 4940 1902 5764 1584 6642 2241 3450 4279 6462 5608 3079 6460 114 2693
9 5324 3321 442 3233 9110 7417 6859 6376 7071
10 8670 922 9114 1840 4043 6114 9758 8954 1567 4621
18 6135 2143 9845 6244 3770 2556 2613 9424 9234 4828 7971 2159 3874 3262 1420 8512 9863 4454
17 6654 483 9813 4913 2600 2323 4939 2160 514 5878 2042 819 5367 8438 467 2125 6790
13 5086 109 6202 1500 1177 7448 8348 9513 7148 2882 543 7592 4420
17 9619 4150 1353 975 168 921 2453 8644 5674 2515 365 6165 7987 3432 6581 6363 8895
20 3090 6502 6327 1491 8118 2661 9576 1913 4007 396 1897 133 7907 4892 2766 3499 2966 5552 2093 5969
15 3817 5615 502 2245 422 326 6480 7422 5732 2825 586 6025 6043 7605 7061
17 6952 1414 9046 4836 2382 7941 4744 7829 578 2025 2694 1050 2990 870 9826 2344 3382
11 9313 2436 3051 3477 6245 9320 5238 310 4470 2994 339
16 4687 7430 266 7477 6967 3952 2206 8534 4266 4221 6344 7940 841 1130 7960 7212
6 7468 7010 9880 487 4915 2124
18 6228 4511 1111 4558 4141 8595 4274 425 5267 5088 8960 7626 682 3212 1819 1409 5259 3401
9 6831 4058 7575 6601 6953 2859 9083 8439 5483
8 1560 7114 7347 4328 1466 6085 6868 6583
15 9901 2963 8614 1655 5809 4249 1048 249 2722 5704 350 8583 2137 1638 6397
14 4078 1803 9382 7080 4617 857 5323 3992 9043 2051 6734 1918 6146 9386
17 61 3200 3270 7211 8882 7988 1944 3463 2425 2021 3085 4947 4472 7260 8524 3342 4322
18 8342 206 1550 7434 6756 7648 4031 4767 7316 4784 2935 9612 1541 1016 1499 6728 4564 4464
20 3025 3579 119 3073 6173 2799 3904 7984 643 947 3377 8009 3939 2837 4055 9155 1965 7982 5768 8218
15 2316 4475 5295 2981 7808 9889 9132 8988 524 1307 1629 5729 6324 276 7015
15 6794 3445 775 6078 4696 6446 4111 1169 8987 6602 4263 3509 1750 7340 5284
10 6780 6307 1326 8209 5713 6567 342 7334 821 2591
18 7911 5887 3991 6639 7595 8259 5366 9388 5835 8691 6122 412 9378 4625 6149 1828 701 905
6 3855 2357 7948 280 4669 5986
9 2986 8420 8146 8915 9633 4643 9871 2736 6020
19 8149 7406 6742 4021 9262 708 4130 6989 2648 9928 397 8212 9143 2017 8359 2662 6486 9506 5271
17 8406 7768 5602 2261 6538 6893 2260 6597 8413 2473 6313 6056 9741 5026 4902 3078 9541
11 2774 7465 172 4520 7633 8883 1275 537 9092 4762 6769
14 6381 4848 7494 3918 5082 5782 9948 6548 5635 8246 155 7871 1457 2111
17 8708 2247 8448 2717 267 5473 9064 52 561 1911 4852 4486 6733 186 806 6001 703
11 3555 7975 9345 7816 4250 8945 6865 135 1692 6515 5725
12 6044 2429 5034 1465 156 691 2771 5009 8407 7453 8705 1578
14 734 3891 378 7232 3054 529 6009 6422 3845 5660 3292 4773 5919 7798
13 5649 5500 4318 9385 2314 1168 275 8431 173 3961 1224 3136 1423
19 5717 3849 2975 6159 4666 5120 4575 4101 5995 9015 8742 2875 3222 970 357 9175 2274 7549 6891
18 7141 8425 4421 9030 4544 2537 1620 934 8023 5156 4314 4089 7363 3828 4809 2340 6385 5722
11 9563 7116 7140 210 3453 9505 5690 9872 1922 1761 2215
10 7861 1135 8379 9687 742 8074 3391 7822 7944 6530
10 1438 6922 364 6163 490 9080 3841 6391 261 5706
16 7320 8713 8989 6647 9836 2141 9160 7392 9964 7999 5167 1310 6777 1850 6572 6980
13 666 1613 6850 2640 3443 4085 7386 4012 2632 9400 4870 9142 8689
24 9325 5218 9799 5971 5466 802 4376 2578 9190 4029 2393 9566 7823 6345 7164 2901 4682 5804 2438 1065 4730 4290 6219 8270
14 8587 9452 4352 9712 2315 2248 282 3573 5600 6178 545 8108 8935 815
16 3333 1637 5771 9511 6255 1252 2304 711 2119 6571 7004 6297 689 6874 9001 4469
15 24 5654 3779 1349 444 8421 4642 1181 9810 1 509 4878 8809 154 6999
16 3281 4910 5875 2899 2132 4164 5779 9018 2989 3905 9361 9844 7962 7504 2462 134
17 5934 5245 5025 5711 4602 3622 649 1710 3680 5621 285 6883 5862 5171 7273 8969 80
14 610 3311 5719 241 9636 377 7014 1123 9376 6416 5532 4235 3788 8886
7 6656 4507 457 8410 461 3936 6442
18 6269 5189 9947 5663 409 5799 2108 290 989 3232 338 3231 2501 3139 8127 1072 4351 9644
12 5113 4546 6942 896 9180 6261 8486 9019 8928 6755 4009 3150
16 3693 7704 8892 5858 6971 5351 8785 9054 9357 2667 8687 3053 9112 9547 2191 2688
18 1269 6877 5477 6842 6021 1475 8869 6856 5001 6268 7341 3930 527 239 5391 9335 877 7147
13 8024 7108 5626 6454 1861 2874 232 6970 2059 3465 4850 5640 9358
18 3236 2233 956 2696 2495 9410 6909 6641 3799 969 9268 3487 6962 5170 7697 3813 7047 1596
11 6150 6438 9182 3729 4503 890 8763 2621 7072 736 8936
16 4842 6004 658 6222 751 2291 2568 1429 7793 4825 5184 6082 518 5550 6301 9422
19 375 4495 7451 856 482 6764 5847 2857 9790 4566 5583 639 9136 1368 2229 3968 6758 1832 5427
17 9409 5517 8464 6966 4555 7732 9264 8574 4406 7630 9247 3963 4217 7642 6829 5738 3031
14 6913 902 7379 35 4965 5632 9441 7707 9368 3808 4890 9060 9572 8264
14 8711 696 4104 3862 5228 6722 7077 5308 399 7096 2213 4712 8672 2933
15 1447 6710 9735 6474 4830 7282 8551 5442 1199 1031 8857 9911 2546 7137 1964
9 8559 7804 1537 7382 6205 6240 8186 9435 687
13 3168 1054 1863 853 2171 3191 8237 7650 5344 6167 3738 5132 6077
12 4346 8370 4088 2967 380 7284 8018 6332 1034 9686 5249 9839
16 5402 9087 718 5012 935 4872 9362 8830 6920 5094 4173 37 4919 7604 1853 7454
18 8640 3409 4815 3414 199 8686 8664 5803 7415 3439 2558 9858 2104 3072 6565 9237 2923 9594
15 9752 7585 1777 9846 3583 6946 4068 8228 582 8851 3909 3689 1857 7582 7646
7 8227 7278 7462 6140 4535 1643 4655
15 2531 3739 4034 8173 3524 5702 320 9975 405 115 456 104 4801 7699 7106
7 2559 4873 2718 8610 8911 1839 9727
17 5716 6633 4733 3459 2539 7555 3646 4282 5306 7081 4921 3247 9225 559 9074 5168 8253
11 3410 7557 1030 1873 3119 1640 233 8316 9604 5097 2099
16 9140 2026 95 4450 8254 5352 4834 3772 1561 9462 7034 1286 4590 9571 8720 3888
17 6670 9820 4644 6739 4366 2622 8493 3295 5523 5824 9407 2762 9395 3756 912 3152 7107
11 9935 9316 3833 3732 3366 5861 6196 7682 2288 3501 6938
16 6424 2742 4659 1884 1628 3685 6839 5040 8220 2044 1741 6116 3026 3624 4236 5073
18 2278 6804 3875 2686 2385 7309 5160 5650 531 9105 680 2504 126 5849 40 4395 449 7734
12 19 1363 4807 6133 560 709 8324 4006 3328 6054 1671 6617
18 7463 9974 7685 1102 64 2377 5495 5453 355 895 9647 4591 9073 8284 1859 8889 6169 4619
20 6689 1794 3830 9557 1215 8804 7922 8796 138 8864 8798 3829 2614 9152 2580 5904 996 6443 614 9639
9 6321 448 3 732 4541 6488 1416 7797 4701
15 4885 8157 7692 2180 4986 3117 1684 6910 584 4038 2636 1502 6778 2903 5181
20 3167 6296 3795 3947 832 3721 6896 7764 5511 4937 865 106 8164 7727 9821 4276 7531 1236 8170 2018
13 489 7687 2934 3468 1257 9526 2033 9838 659 4278 7508 8662 1159
17 4855 7188 2783 761 9297 6580 8093 4907 1352 5792 1182 6605 7785 9028 8288 9867 9824
14 2869 7677 5112 169 5756 3326 7636 8827 1774 7383 387 7250 3061 2150
17 5598 6265 8637 1580 5620 5241 1721 552 9433 9881 3751 2596 2769 8627 8998 7782 3300
14 6404 2641 7196 7567 9033 193 1831 2333 977 2153 6387 1889 5061 7330
15 2507 8803 6749 7118 2000 2178 779 3731 9027 4204 9812 8721 8904 8031 3560
9 3257 5955 8791 4958 8682 5815 8772 2660 6738
7 7040 5769 2327 3129 3202 2407 2365
14 6418 2006 873 7915 4371 5481 3894 9941 3308 4876 4562 1382 8362 1806
15 5227 9757 3008 2937 8263 2898 5394 2468 5092 3127 4114 7914 5484 5786 5258
17 2106 656 617 5006 5899 5487 3451 9632 137 1762 4429 894 3763 9704 2567 3674 6180
9 3692 1630 4630 1627 5829 5562 408 7528 8632
11 713 6053 2714 3364 2031 1568 5701 8063 2281 2343 5226
13 9847 7119 2566 4171 908 8038 7856 1431 4449 5520 4359 6406 243
9 8102 4194 6048 5263 6956 1725 3760 5023 1769
17 9852 6493 1689 8955 2198 5967 9720 1193 5021 4561 2645 929 2684 8842 2611 4971 9798
17 1866 5808 6220 9037 1218 9100 1455 9951 3710 4821 9232 6983 4638 2996 3592 1163 723
17 945 9744 665 4003 9156 4344 886 6930 5451 4989 3123 4358 6915 2284 3434 5139 5071
19 1040 2738 9128 2973 986 874 6703 8062 1752 5684 8150 7389 1790 9213 1320 2947 9006 3305 1337
8 6110 9890 9702 1381 8547 8064 8523 9372
17 2941 825 1276 4285 4635 4084 5679 4798 7296 536 9554 7217 6540 6030 1649 1650 4076
15 5300 3067 5920 3461 1968 6771 3394 2082 97 8245 8746 5313 8992 517 6779
18 3564 4794 1386 1723 6356 4652 3879 8444 2330 6243 2557 924 6803 8661 305 8844 500 3449
14 5406 5205 9246 1121 2464 9842 4686 8506 6197 8695 7113 1787 7068 6325
18 6663 7929 8784 6023 9561 3746 4764 7120 2570 4628 7761 7924 2526 2394 4092 7651 9055 7538
5 7227 4645 3973 6129 3774
17 7198 3816 6634 7364 4895 2867 2665 4944 2078 4690 7145 8650 7021 5155 3473 1707 7966
19 8675 1200 225 6615 3938 1460 1595 6218 1330 272 2264 1396 7542 433 1357 512 5052 8335 2263
12 9670 9869 1852 5628 7203 9710 2412 7474 6726 3360 5763 2485
5 8965 2235 2760 4588 7536
20 1105 8629 4063 7456 5043 5356 15 3594 3534 7791 3470 595 1668 4259 9111 281 4912 3099 1856 6704
13 6607 3029 3430 4656 9012 6658 9817 5901 2846 8767 3135 5780 17
13 6002 9996 7117 3047 506 9620 6425 876 4384 1474 1785 6977 3507
7 8962 9283 4066 3176 5480 1779 174
10 4143 5902 1407 7891 8198 5182 8378 6413 9954 4403
17 6160 1625 4673 9610 7546 1245 9623 8239 402 1393 1255 7587 3893 2804 9442 1714 8553
16 9411 6786 2651 6618 3565 9912 7078 967 6800 2565 8903 3101 7216 8692 4547 2700
8 6912 5757 6041 8296 6705 3225 997 5389
17 9544 9926 9819 3108 6188 6657 5933 852 516 7009 2086 2309 1924 2011 9039 5191 4950
20 394 6003 3092 7874 9035 671 7207 6067 2969 4441 7065 6346 7805 6292 800 256 22 4340 7046 2420
14 3005 3972 1189 7811 2184 3754 7730 7492 202 3776 3404 454 6231 4632
20 8557 8848 4207 8823 1311 9512 9226 7873 3082 7894 6270 7645 3340 1394 6824 863 8549 9233 6483 1388
9 3030 9406 9282 2791 9538 3220 8615 4027 5502
18 6189 7156 3605 9631 7134 9209 4302 6716 8193 9671 6727 7220 812 2960 1846 3979 4036 4025
14 6361 1113 9595 4098 8747 5287 9763 5305 6655 6552 7543 7755 776 9643
7 2176 7445 8819 9240 5522 7672 414
15 8787 2056 633 2930 3263 6582 3851 6921 216 3496 9194 7735 1166 7461 5336
8 7716 4664 692 9706 5908 3285 9748 9783
15 8728 4387 9549 1524 7840 1667 6491 7301 1175 2164 8542 3906 612 3086 1996
7 7329 69 5017 8459 3393 1376 2037
16 4008 1228 8376 5554 8277 8521 1755 1685 8631 6426 7843 9980 1264 3784 23 4073
13 5358 2079 2060 9737 1959 8214 3753 8624 5610 9930 7599 4168 5767
10 3951 499 141 6451 8116 7680 8750 6353 2892 7972
13 4414 3632 992 7631 39 2397 1800 7857 8645 7726 7949 8788 7560
18 7088 8588 3510 7019 9897 9195 4409 5952 9882 4365 3593 8027 8500 3045 801 7331 5984 5373
8 2912 4467 607 6808 1947 4970 6591 5255
10 9851 5636 4411 987 4369 786 7130 8621 1237 884
14 2166 661 2944 3566 9729 8952 1198 7387 5100 7091 3896 2506 4360 2177
9 8731 741 8967 4016 7661 1727 7305 4370 6299
18 2603 1194 9144 3910 2497 5457 7513 2505 8659 7256 7271 4634 9774 2341 8779 7315 6776 9275
11 372 8104 3160 2942 9485 7171 9249 9694 1934 8200 4144
16 9864 3601 2797 8995 1282 3765 1532 178 2884 508 4824 2054 7418 9659 9416 8068
17 6139 2511 3105 1997 5777 5566 553 9457 152 1004 3811 3672 8793 1943 4845 5102 6142
14 5744 2928 376 9273 1660 4699 4202 4087 2710 3163 5180 3293 1941 5793
17 6541 1313 9628 6026 7162 9364 8229 7534 1871 5708 4675 8511 2850 4710 6763 9438 8135
19 3546 3068 9450 2626 3885 6503 1250 4300 9303 8034 9496 7274 5143 6793 8646 2414 1071 72 600
12 5381 5282 697 6450 1319 9950 1597 2535 2768 9870 4280 6429
17 8736 6900 9405 2992 9138 6871 7043 6832 5116 4639 6904 4979 9177 3919 7262 1818 5357
19 4984 5359 5535 6141 7263 7662 4256 2737 1598 7466 3556 8748 2039 4722 7397 8811 7272 1073 3777
16 9626 4225 3050 5748 6498 9276 7103 4372 3425 9038 7501 5914 1217 3682 6604 6117
15 7993 8462 8128 8187 1676 4482 1098 624 9333 670 8813 7178 6469 1711 5302
17 9679 2147 1601 6155 2919 9151 8257 8990 6120 6352 5101 3421 90 2765 1493 3508 5019
7 3578 8073 9353 6699 3251 2541 4521
8 3572 6836 8207 4011 716 4512 8360 5851
15 6457 5743 3049 753 1046 8546 1686 1791 369 2417 9527 7142 5910 2400 3142
20 3197 5237 730 2217 3083 6814 4297 3623 7344 4884 6886 6857 3673 1345 5298 5801 5039 4529 4039 2087
14 6815 554 3990 4826 6570 5695 993 1523 8799 8909 9492 2075 4138 9621
16 1735 6329 739 1697 3112 1186 1738 2690 4880 3657 930 5830 698 8963 5062 5498
6 7553 8040 6377 6848 8725 1000
11 9207 4208 5516 9477 5069 933 6902 2041 5724 8303 3948
16 9733 9559 2074 3575 4709 7903 7933 9562 5134 1979 3213 6061 6996 8649 1259 6736
15 1609 5668 164 5957 9681 1644 5907 2128 2680 46 9072 5556 3913 3538 227
12 7561 7799 3544 1272 159 7837 5572 7684 3315 1029 5396 520
16 8086 2324 2424 9654 6652 5576 8585 4227 7665 1588 3194 5211 6858 384 8077 6370
13 1874 8766 3986 4584 7757 9355 5872 2190 8314 9682 4560 4478 7674
22 3245 41 3424 6316 4017 5426 7769 4062 6519 883 7407 1387 8993 5105 8855 7689 9902 8415 5379 4368 253 4816
18 5727 2426 439 8671 3418 8298 459 7276 485 127 6806 3924 7339 1188 5360 1525 9843 2524
15 4437 1970 8573 9751 7579 4636 8510 6713 7502 2052 3372 8151 2192 434 2303
18 3329 245 830 965 4615 4749 8801 8300 8182 5428 2406 5268 887 4335 9480 676 7616 2004
8 3294 4020 6818 5866 6584 2809 5982 2364
11 1635 8085 6741 354 2107 2745 9789 1981 6744 4985 3011
6 1372 6879 1062 9381 5444 1119
14 2788 212 3317 8412 1106 7609 5036 4433 4060 5999 8873 9510 7659 1411
18 957 541 8133 3435 8243 7086 5014 2831 7830 4491 7745 1834 5864 3227 9163 760 972 2232
11 8484 4781 7243 6340 1529 9075 6042 6683 1988 8181 8822
12 9768 3066 9068 8996 5070 1248 2179 6730 6873 7998 7506 2988
14 29 6199 1206 8079 5008 4400 1302 9658 3062 3747 4856 8081 6337 6281
12 3147 8191 5289 2601 8007 6625 2977 6102 4096 4569 3704 1670
10 8489 3411 6012 2442 2275 4658 368 5243 3561 25
21 2828 8783 5746 1879 9815 9199 1232 1233 1799 2366 65 6593 1792 1756 5042 283 8361 7619 9302 5420 7581
7 400 6575 4245 6098 3338 2053 7741
16 5510 4200 6208 3807 9645 9478 1716 847 9408 544 7222 1471 5016 6137 5183 4932
14 1833 4349 7092 2480 6951 7691 5386 2852 8339 9103 6452 223 7239 7819
11 4056 580 2589 5601 9065 9133 9044 3997 8432 2447 999
14 7186 5213 3541 2335 7787 1745 3636 7912 7366 5201 4776 5642 9377 5614
10 6263 55 3608 6563 816 9939 8576 5080 4456 3374
16 4184 4115 1910 2952 5307 1355 9823 4002 4163 8590 6312 2016 9479 9348 4001 309
17 2061 1323 8786 8681 2781 4050 462 3146 7794 4786 93 5959 5958 189 8749 9363 3511
11 9347 9314 720 5240 2187 5603 5709 4838 121 814 6947
9 6198 6961 3249 7512 7554 3325 8192 1037 7497
21 8978 5027 2455 5783 1955 8609 1211 3124 4045 352 1980 8148 2498 9322 8807 5329 3406 1450 9244 6774 7809
11 4882 8449 435 6101 3373 4806 161 1271 7075 2431 4312
4 3540 9927 9022 6823
17 1512 4223 4657 3199 7693 292 1733 8800 4326 8502 4499 5464 2527 4853 9886 6712 1555
11 9291 9254 100 8285 4355 6677 4595 9934 8111 8366 255
9 6735 1251 5678 1146 4832 4651 8593 2612 1535
8 8262 7355 3368 2374 9208 8494 1027 9542
