29 6975 8607 8227 2693 8841 8204 6816 7201 6738 1797 4958 7753 9057 5306 7586 9609 7836 7103 5572 6549 9479 6316 6579 6534 3959 3074 6955 6587 8114
26 2139 4757 4777 7607 8756 1730 4542 7352 8755 7712 4414 1047 583 4299 2592 7051 433 160 3022 9661 3219 251 5586 9505 7806 8618
34 8450 8372 2583 6265 7060 3764 7992 1787 9356 8000 1427 1419 5647 6224 1972 3828 8621 9344 95 981 6851 5394 1013 5186 4301 9137 7113 3655 4783 344 6360 3345 4767 900
34 8232 9340 2191 3534 3385 2141 6912 8417 8365 2744 4348 9436 3487 4431 9110 4582 1934 7118 4420 1358 8732 2888 1743 1043 1775 5872 6053 3111 6745 5215 1295 6561 212 1921
28 1711 7781 7871 598 4219 8250 8968 6874 4370 8617 7525 4402 8185 5048 278 9876 8051 4164 2625 5061 8705 1157 2025 8749 2703 9398 8768 3399
34 2863 1893 9202 429 3735 6815 5744 7944 2853 8349 9425 4396 9093 4822 8413 8659 8989 6137 8871 4434 955 5385 9711 7749 6825 1110 2991 8515 509 8244 491 6269 1367 3952
33 5634 6956 3856 3855 2767 3 2519 4356 383 3185 5425 9254 4504 9821 4423 8140 5443 7124 461 444 992 6381 4928 2816 7302 142 898 1527 9766 8637 556 4256 7348
31 7678 2996 6597 3972 61 3264 8765 5229 6395 1888 2207 7097 4726 6705 9964 1319 2589 9902 2034 2653 2333 705 2871 7140 9201 9353 2848 120 561 4135 7534
26 3153 5865 4151 6995 3755 1300 3335 8263 8042 7462 4990 2276 3629 568 5971 5076 8867 297 4653 725 7594 9450 6248 9148 2850 419
25 3155 5160 23 417 40 780 2096 252 5879 6252 5405 6735 4862 1517 9570 5199 4654 5335 8173 5180 8527 882 340 9968 3386
26 1408 1824 6319 8927 5545 7650 1985 4278 3205 9880 7401 2116 9833 1314 3028 2939 2237 756 3916 2180 3626 316 8803 3041 8891 511
30 820 5524 1909 170 6790 7065 3439 6567 8215 4401 8448 6809 9185 3514 5505 5081 2026 4372 5697 8473 1755 4849 9306 4613 8770 1981 8061 8270 4635 7162
29 5832 377 1896 5721 8584 5796 2136 2797 4003 4306 3298 6813 6018 918 9091 6644 5295 2113 3822 9199 6095 7198 8763 809 2776 3522 9767 8583 6804
28 1666 2648 9288 7331 8261 8063 53 5742 3465 2707 6225 223 3360 6670 5662 9776 7373 8809 8382 7224 4362 6602 4681 2691 439 8024 8978 3021
30 207 9538 9951 3350 8693 8046 2346 9055 3430 1360 5036 3310 8661 9844 6175 6451 9197 9999 8429 5676 5892 366 1447 2109 5275 65 2441 3956 5204 4712
28 9861 625 8406 6765 3811 6304 9665 3486 6854 2937 789 5329 5000 1544 1936 3896 5040 8900 8304 2596 3749 7892 2115 2104 4615 5002 9607 2423
26 3883 352 554 5965 9735 589 8532 739 8593 4040 8668 8967 4583 1968 4855 1664 1456 180 7366 9639 7085 4463 6799 4297 2067 6625
30 2820 7426 1938 5008 2930 8711 4597 679 4692 3984 8477 392 1799 5395 3435 7300 3390 7099 7587 3891 2754 72 8735 1982 2545 4150 3943 9912 6542 1868
30 6190 3765 8592 4650 1863 919 1160 1525 8528 4201 7267 2495 1144 8384 4743 6742 8999 6512 1578 1901 4029 1372 9508 1815 4228 3734 9113 6404 3580 2155
27 8709 7606 4259 6402 2353 3049 5228 5861 4929 8562 2743 7035 2315 4493 481 9726 8800 6064 9746 269 1633 3369 6308 8953 2985 2968 4275
30 2758 1125 656 69 7295 2992 5759 7338 3780 7709 2382 5894 1642 5132 604 2130 2047 4056 268 5194 7446 6834 5437 2284 3135 6339 9934 5257 6179 9604
27 9670 8724 9589 9257 3099 2239 813 3243 8848 8627 2552 4945 2705 9414 6228 713 815 5924 6334 6555 2628 9373 9313 9335 566 9841 7947
30 3160 256 7638 9811 5940 1264 2154 3079 2161 5523 5856 6263 8878 92 9160 1409 9617 3799 263 3824 8537 2665 7211 9379 7445 732 5294 6660 2143 2565
26 6507 8502 446 3659 3524 1462 408 6393 6944 5070 5951 8931 5497 2790 2632 6432 5484 5272 1480 9026 7303 6899 4984 2915 7422 4347
28 3516 9740 7574 5903 3866 6177 2633 1229 7054 5772 943 5976 7847 832 8762 7763 4438 1346 3737 4826 1379 2787 3338 8427 9633 5398 2123 202
33 2600 1425 8513 2614 873 8594 1414 2748 8718 927 987 5189 3228 7387 2610 4658 331 6298 5820 3271 7779 2111 471 478 8113 4663 5221 8742 5515 730 3092 5960 5987
26 1788 7704 1700 3907 8884 81 8649 8262 8602 3507 228 2893 8578 8276 6343 8827 9511 3566 6131 885 8323 9924 7604 4291 3120 2719
26 5604 7511 7694 6504 1865 3777 6584 5508 972 1825 5768 71 6208 7893 9196 505 9162 3397 2196 9652 7520 8146 6929 6184 3829 3517
28 6430 7418 5552 4349 1531 3903 3851 2295 3033 174 2542 3774 4844 3134 3449 178 7681 2312 4557 538 3761 4203 6774 5728 3014 1727 1503 697
25 9141 4581 3579 2244 2135 9489 7441 3167 2891 7838 4943 9283 1511 7217 5212 2974 1945 7263 11 6209 8823 3354 9320 3008 9307
26 2182 4318 4455 167 9395 7561 1310 2068 8623 76 6352 2944 5581 3344 6106 5415 6736 2366 8428 7486 9074 8533 9679 2467 2267 3595
25 4182 6152 8400 4200 2391 8249 7142 9289 9270 3262 9815 6646 1892 7750 5755 1732 6789 7685 3053 3712 3995 7618 2444 2901 9418
30 6812 9136 2604 2305 9956 5148 8072 6262 7379 720 1435 8861 683 7588 96 6518 8133 8587 1903 1180 4528 118 2619 661 3848 3649 4026 4998 6189 2661
25 42 5245 34 6655 4006 555 6971 7755 7765 4443 6674 5830 5122 4598 8908 1613 355 1296 8430 4462 5184 3800 1875 6843 1199
30 3171 1186 6092 1053 8162 5949 7408 3804 3103 9084 7815 9281 3191 3246 6060 533 2508 3213 1376 248 6863 8419 7507 4102 6467 2529 3045 2737 9109 6588
30 2234 687 1051 6620 3323 4817 8754 4015 888 670 8025 7816 1585 2121 4294 7112 6450 2185 388 9998 6759 6087 8312 7571 5328 8243 3930 9535 8879 9784
25 5371 2636 49 5855 4227 5990 851 2499 9808 1011 1589 7429 1176 6114 5577 7218 8626 3638 3789 7444 3070 823 3493 5805 7533
24 3117 7175 416 6474 6748 7621 4377 3156 4782 5106 2546 4727 4482 4609 6199 3217 3564 5089 4105 4702 4895 6496 5991 7907
28 6198 3782 4803 1250 4104 5670 3520 8812 9339 3850 7000 3241 9448 838 9712 8707 6526 4786 3732 4154 8635 1878 9865 6041 9904 7174 3913 6014
29 9189 9445 3551 9913 7394 6211 6049 365 1777 8238 2457 4140 9300 6721 2056 4112 5187 6850 3088 2164 1084 3282 3864 5792 2336 7505 8567 9774 6865
25 2717 5645 994 9584 7230 9515 3275 2868 1609 59 301 8536 4425 4371 4471 1341 9528 1087 622 1297 1337 192 2099 5007 2451
30 526 3179 6754 5349 3306 9384 5308 8178 7347 4117 7670 7407 9575 1920 7242 4829 4368 4819 7803 595 5246 4837 4245 6116 5992 1718 7457 321 1345 7502
30 1813 2847 8399 7689 2715 850 5207 5251 2166 2920 8897 4950 2403 2788 8013 8760 6318 9179 2724 9060 3512 5331 7168 9396 9225 7799 3706 7223 4268 2288
22 8725 7642 89 2147 3272 6389 1657 9818 8391 2153 9769 5956 6758 7181 6120 3029 3617 542 3224 2376 7553 6055
31 6781 7914 7901 1038 6595 1835 3744 9537 9238 5639 6328 4864 9526 3020 858 7924 9683 5567 8023 1563 2515 7627 1987 1381 6801 2454 2257 641 2959 7837 7917
31 835 3210 8027 7982 7798 5263 7416 3680 7870 800 2989 3055 9466 7884 9207 1353 2216 762 8186 8098 7535 2486 4729 3577 2197 9253 5870 5375 7850 3159 9346
34 295 5383 8971 1139 2755 2352 8991 6105 1804 3500 6015 3144 3743 7939 7076 6612 8255 3175 7795 5205 6487 483 8091 3726 6986 7595 6833 9710 427 103 6235 341 8898 6422
35 8346 5097 5213 4870 5669 3844 837 4567 703 6099 5390 2624 2061 4679 9500 9839 4591 8752 8925 4551 7088 514 4596 4475 4399 3549 864 8600 5085 3998 7970 8195 8585 6639 7652
25 5266 2381 7395 6635 7528 9773 7777 194 7038 373 4375 1261 585 5378 8667 9981 5605 2277 890 9649 8929 5276 7764 2829 7260
26 7849 9155 1407 2479 7769 4487 6630 3078 6707 5661 4511 1552 7564 2224 803 6958 6333 8181 242 3424 399 1800 2088 8928 3918 7341
30 3448 3198 6610 6234 4718 4903 2770 0 5862 4432 472 7108 3454 8337 2413 4883 8837 8480 7476 7762 2641 4709 6391 4651 5300 5386 3355 1027 2879 2678
28 3249 3860 1556 9459 6150 3898 15 5166 1344 1802 1039 4898 2946 9739 2967 8597 9387 3325 1955 3466 1026 4772 7490 2360 8522 6435 7655 3082
26 4935 5966 8890 2048 8820 7158 1521 3997 4387 926 3865 4021 9278 6915 6453 2364 2327 5672 8671 6132 6071 114 442 2571 3868 4747
26 7995 8730 9506 1558 4587 1689 7356 9451 9870 9634 1402 8231 1847 1170 6072 9659 5098 8016 7959 1949 8411 3948 4695 6650 7908 2107
30 9151 5919 3496 6155 3331 7723 4942 6341 9456 5739 5568 1986 1158 8808 4410 6375 2348 8139 8158 8171 6682 5288 7797 5858 7145 459 6251 3406 1071 6279
26 4172 2351 5794 4436 2394 5351 9585 8541 5133 1516 1292 9490 9501 2761 5804 3939 3805 6195 827 7034 1912 3081 843 6311 5432 9768
27 1785 3562 1285 8503 3373 9229 4589 257 1395 778 2314 7623 9763 9588 6726 650 9480 2598 8021 4426 4790 3842 6709 6303 8236 5930 4014
27 4904 5030 5941 9755 3410 4393 6622 6747 5278 7135 886 2502 116 6174 8329 1713 6953 3376 4202 4711 4569 5225 4705 4688 1079 8092 4821
27 3452 3899 1100 9175 906 2168 7249 3836 6500 177 5412 1102 8787 1382 5643 2568 9706 6589 2958 6259 9259 6917 7197 1254 6052 3279 7756
23 2417 1573 8717 5680 4286 5125 3830 7748 5510 4032 609 9455 669 3004 755 3031 438 1478 7055 9082 9064 5365 7641
30 9371 8383 1196 7922 8540 5520 4084 6746 6710 6309 266 636 259 2645 5504 4148 938 3301 8041 9473 7710 28 8342 2162 2437 2638 7617 8880 3530 1990
26 4974 3832 910 1860 6459 1024 6348 343 5916 4724 9562 1045 3147 5839 9453 958 6466 500 6247 6903 6909 6076 105 6798 7178 2497
30 8103 4049 6931 9787 4917 1325 2815 7980 9989 9939 5969 3648 5297 5404 115 6063 1439 2951 7563 7398 3935 1663 3309 6723 5155 7717 3214 4437 9358 447
23 3387 9890 548 6864 627 43 5105 5146 8040 3835 8815 189 2683 7053 1571 904 9929 9519 293 5575 2422 6513 5453
32 5254 9360 8654 4503 1809 5968 5066 3346 6427 134 8911 2846 4130 5699 3314 5600 2551 1662 6611 1673 9405 9345 9401 7640 4211 6536 5814 7019 8736 9765 1323 1508
29 5959 3775 5914 5115 4622 3118 4221 9936 2322 1032 4124 5803 3609 5268 4492 3085 1265 6788 5893 727 8748 3699 828 6317 7713 4479 5256 9847 3531
29 7324 275 1956 1192 2940 6936 9612 6444 393 8793 4110 6860 753 310 5691 7948 9232 9169 1224 5038 4618 6987 9086 1731 9170 8981 3645 3381 969
28 7277 1062 6294 144 2195 2036 2840 8642 3508 9871 213 6438 618 7365 7848 8199 807 8086 9603 1900 9557 4936 5937 1288 8743 119 9330 5738
29 4764 4944 1152 1260 785 6125 2301 2637 8673 1064 6037 5222 4178 1548 6378 2342 2658 3204 613 272 3809 3230 8229 4176 1454 9900 1655 7839 9255
33 9053 2823 6729 5564 3643 2384 7161 5860 3703 8375 9407 1735 6550 9482 3303 6544 9326 1488 1225 5931 4441 7971 767 8521 4449 7128 8555 7413 5729 6633 8945 2134 7690
26 3060 9443 9756 8778 294 6554 164 2679 685 6847 532 1960 1406 3477 6365 3886 2432 100 9230 1432 4342 983 4798 8895 6755 98
30 6261 2851 9960 2297 5555 3919 5151 9629 5022 5163 4880 5704 6385 7091 7531 8426 639 7018 8599 6724 8973 6949 1357 5544 1208 6101 6141 9579 9161 85
27 8653 7173 4529 6876 132 6522 3341 2318 1215 9249 8390 8601 6321 5409 9810 1611 2227 6127 348 3658 29 6848 8818 5685 5948 8443 2518
30 1179 688 2803 8166 8872 1293 3587 4025 9308 2725 868 4988 5169 3819 6945 4312 5546 635 8269 7325 4198 1355 3691 5571 9065 2275 8731 8105 1268 2894
28 3042 4474 4996 6475 1961 2677 4703 6446 1477 400 1096 997 7072 1504 5095 2387 2727 6058 6604 4781 4073 8252 9198 6335 3459 6059 5418 819
32 1577 2698 5492 5156 8936 1612 7872 9327 3254 7875 2100 6098 3849 6272 3889 5978 6376 5806 4924 495 8301 4626 1617 8079 6478 787 2709 4517 390 5859 6598 7577
24 6428 5354 1035 4088 3671 7185 2782 4185 2071 2867 2647 1405 1952 7310 1469 2445 9426 8459 921 9610 8104 5536 5021 5208
29 2922 8579 7487 5898 3324 9804 4186 5313 7572 6299 1222 9149 718 3035 4892 2354 4011 9830 6180 5493 2521 631 6373 6477 3688 2214 3979 1928 9827
29 577 5673 7720 8170 3951 6000 4530 2258 2762 8741 5769 4732 3879 1914 8630 5373 9674 7143 3776 2073 9298 8075 5380 4850 20 990 1739 4063 7326
33 7609 3929 5511 4480 7109 5460 8663 1076 456 4478 5376 7629 790 8862 4696 8115 6892 270 2979 6768 1336 4868 9083 8822 2035 2934 3498 9069 1543 172 8484 3697 5240
28 2870 5595 6258 4309 2687 2961 7661 5311 5701 9372 5063 8446 782 7953 7184 3576 8519 3193 285 7684 4405 5283 8449 3727 7152 8305 8514 7049
25 8172 4473 9248 563 5181 3610 6112 6744 1895 5502 2011 4212 3464 6398 6220 4453 9641 8795 3965 9605 9582 8582 9388 9782 8909
30 7833 4662 1365 1746 9304 2664 9322 1592 2158 9338 7330 1233 9012 9993 855 2534 4417 3747 4072 4623 7829 3718 9944 1234 699 37 9759 1601 9444 8629
30 3384 1348 6819 2506 1123 6481 7751 1253 2132 9056 2052 8899 2877 1147 8761 3287 8720 7961 4719 9237 6645 1018 7501 6239 8685 4196 7856 953 3305 8670
25 3766 2198 2524 7151 4323 9183 4134 9949 2078 9412 4376 5093 4845 6617 7433 2639 4508 7827 7933 9572 8554 4973 5161 5050 6835
32 7759 8404 9850 5908 5534 9754 706 2057 4089 8389 3608 7706 5417 3010 6345 6540 9852 9553 9016 3357 4007 5933 7818 4485 8902 7517 8376 6028 6821 3218 2956 6632
28 1808 4805 328 2855 8327 5829 2912 9147 9864 3802 5900 5533 1126 8124 7126 3961 5037 7733 2029 8856 3093 6194 3977 5624 374 2054 6271 9163
30 5046 1130 1437 5136 8624 6283 7383 6520 489 7227 794 3785 5055 7284 7355 2397 4295 7557 3400 7622 1640 4133 3550 7255 1514 1501 737 749 2572 7899
27 660 9213 336 961 3177 4156 4030 5683 2918 5911 1301 1256 3825 8507 6941 6253 9325 9551 1803 3900 8570 770 2883 3141 8712 2059 7492
28 3922 4922 8566 1241 4933 740 9406 2489 6331 4579 7334 140 9464 1553 2704 7265 1122 1231 4911 8704 8209 8157 5776 8203 4138 5950 936 7010
27 4052 626 4481 1772 5360 3348 3724 5355 2799 4281 1172 7846 3003 8373 8200 7236 5884 9465 7447 9985 5164 9843 8738 25 4961 4412 8816
33 2822 9049 2766 9131 1675 1737 6113 5020 5144 7412 8478 2574 22 6084 2373 1460 8855 6338 9483 4043 8156 9316 9294 9028 9245 7339 9657 5341 1951 8782 4872 7861 7368
28 5500 7380 4710 4983 5525 4514 1770 4174 323 7484 7767 7771 7459 2428 3096 6565 6104 7285 104 9275 1328 8088 3841 8110 8750 9293 4962 9212
27 3216 528 7744 1600 4181 883 2950 2310 6236 1692 9593 7873 334 7509 3944 4139 5013 9266 5754 1090 1722 7905 1443 3946 5526 3769 5690
28 2038 2091 5241 6151 130 5945 5224 1487 117 1326 2320 3494 9855 6010 7114 8550 2060 5594 17 7095 7 3002 2392 5091 1378 8776 6663 8311
25 1134 1187 6347 7475 9806 7845 795 3741 3544 2931 8976 8775 3568 3470 3535 5899 9922 9911 5902 5657 1396 6074 9650 8479 8194
31 9058 1204 5476 2395 7668 8865 9599 2908 1167 1882 5028 1329 741 6206 6878 2981 367 7221 3046 5060 1201 3189 723 5765 1997 2328 1682 1474 282 2386 4184
30 7080 3145 9814 9791 8797 6374 5 80 3803 9531 3797 4002 7682 7656 8614 1 3371 2045 179 5745 329 7469 2875 1031 2694 6832 731 5928 2936 4916
31 2854 1472 3505 4458 5566 3391 738 3326 4385 1317 3548 8605 4617 5202 4756 9021 7808 7208 8161 562 1384 1859 5120 4993 6325 5711 3311 8228 8619 7399 4871
26 6933 3911 4909 9640 6016 1203 8828 5434 8573 527 8509 2845 254 6306 1581 4389 7963 4675 9449 1628 8542 7730 8165 1022 7029 2296
26 701 7251 8273 5724 8368 1898 4465 1676 1852 1000 6454 8142 3662 3895 8684 9085 748 9813 8747 6408 7396 9863 3404 6524 5877 7936
30 9488 5336 8492 7244 5705 4795 87 5238 3986 7400 2520 8345 58 1894 7155 9156 761 6894 867 9369 3823 1966 5981 3713 4631 8516 9422 451 1946 537
29 156 9992 2418 8547 7232 7086 4734 9619 5935 1083 3166 8258 3506 1023 5438 5808 3897 9119 3253 1366 9896 8525 3140 707 3023 7602 617 1001 9343
29 1434 7708 460 1178 2701 9825 8093 2021 974 6183 7377 4100 510 5379 4230 4814 4059 4404 1291 847 7646 6290 6355 7601 1518 4995 31 5178 6207
28 1579 5147 7648 4 4716 9391 6859 4809 110 995 3453 2019 4776 8759 3047 6965 1619 3365 4920 765 4971 2784 826 516 5926 3024 8167 9799
24 2995 8152 2649 8193 3267 216 8322 2009 2120 55 2235 4128 8942 7515 2593 9471 1190 776 8456 5408 9112 4735 4775 7215
32 6340 3169 5653 2205 1505 1239 6485 6676 7278 9994 1643 2948 5441 6429 2682 3801 30 2110 4836 7428 7372 6852 296 735 5009 4416 1765 574 9383 6680 6647 9154
30 4611 4632 6493 9621 404 4677 4083 8483 5906 8505 4906 7388 9024 1052 2821 4010 3222 1075 6023 4491 8357 5922 1318 6077 5747 8011 3161 3826 7315 6576
25 602 3025 9957 4507 3126 2186 8726 5170 6436 4533 322 9135 2540 802 3567 4534 5043 797 2476 3066 1237 2094 575 1270 9837
28 2734 5130 3302 3367 4628 163 9571 9533 8840 3784 4652 4223 5442 3695 7962 5716 7888 3109 5554 7041 6568 5684 7897 3614 621 3758 9873 6491
32 3511 3181 6482 9933 1422 9980 9027 8381 5396 1759 5235 7024 7522 8335 7288 7491 1783 101 1195 5980 7624 3077 9206 3676 6926 1112 1685 2721 6921 378 2349 2681
27 2368 551 1140 6910 1210 5912 8572 7869 9921 4153 2412 8721 2817 3672 8996 255 7479 6870 6605 6080 5785 8556 6838 8077 6762 6161 2217
25 3123 4260 4994 5632 5867 9133 4638 1688 300 6849 1650 5993 6741 5827 6400 6853 246 7945 1953 4039 856 8935 3421 8180 1635
28 187 1109 766 6871 1049 791 3019 4550 437 4500 7812 3553 5108 2549 5982 9209 1789 3885 3162 4439 6558 1162 7967 4369 9947 5361 5836 4131
31 493 2146 5583 7979 4050 5416 1282 3513 3904 7468 5304 1919 5579 5848 559 4146 1848 7040 7070 4876 4234 1041 5558 932 1108 8058 1958 9748 4556 4707 9802
29 7245 5703 4773 8052 8910 1854 8001 230 9979 5905 6471 6399 9256 1830 1886 7353 7141 3414 155 9399 4409 8363 7711 8068 8893 3289 5698 4923 6537
32 1959 601 3492 5934 8431 8625 8083 5258 4009 7637 8320 1485 8316 2919 6800 4440 9222 9279 1598 6760 3473 8331 4770 8064 7665 5589 2927 6637 2306 6776 2670 7559
30 3592 7256 7569 702 9785 7482 4082 6566 4975 3871 3711 7664 6531 7776 2656 3094 5006 2631 8210 1584 6054 2827 8405 963 7342 6920 7951 6564 4097 1177
30 5831 5535 7329 7253 2860 375 2429 4969 8876 4272 203 2943 5828 947 1832 1161 7570 97 3017 1569 5656 6158 4209 2079 3351 1404 4237 1313 4708 694
33 9435 7337 534 2396 1448 9963 784 1547 3669 484 9415 9231 2595 7614 7328 872 4599 5761 3063 7238 5730 6807 8321 9518 8208 9226 1922 9623 8955 9143 9023 2031 3375
25 691 8364 1924 6463 9052 7728 9909 9954 925 6711 3402 7928 9370 8901 2527 4970 3790 2344 2898 1159 4075 8811 3239 9894 9643
28 2440 9157 8177 1442 9751 1283 9504 760 6615 8680 4900 5035 7188 2017 5833 5104 9047 3820 2886 9088 3874 3739 4324 4979 8081 951 845 5517
27 2921 6488 8415 6889 7715 7605 5850 3715 4263 7419 7863 8939 7346 1726 6448 4488 8975 6494 9174 5179 4558 1481 8706 9524 7938 4965 5638
26 8980 8453 9635 7219 7485 7176 3541 2562 2260 7282 6187 512 8223 3370 3869 3596 2307 3621 3787 2621 9004 2063 218 6159 2556 4875
30 9328 5503 5206 6556 3238 9242 9753 4885 3545 1092 5124 3415 3269 920 6841 4610 4645 6476 3337 5630 4536 3994 4999 1374 7770 6654 3328 9971 8631 5033
29 8044 3247 8434 227 2736 3291 289 662 4247 3105 7213 1621 3786 3657 3814 4738 5636 829 7193 9631 6541 8510 44 6673 5970 3202 9403 5562 6065
26 570 405 8073 1036 3268 2535 8966 6452 8746 6643 7840 8874 3908 6648 2066 6433 8288 4522 4070 9530 6349 9574 3613 4490 9030 1397
33 4189 1364 3149 2343 5052 513 9485 141 2176 7610 5488 9216 1321 2903 1094 5270 3677 2889 5958 3359 4787 763 2172 5321 8622 7524 4367 7810 9828 9573 5481 2007 8385
30 7851 4494 6879 1014 7516 1025 7488 2337 6559 3304 2509 6574 9677 4667 2092 1467 1887 6962 8947 8767 579 2089 9948 517 5734 6029 7921 4339 6061 3048
29 3590 4170 1822 1631 1342 9495 1602 7580 9173 1867 9072 6368 2404 4779 7233 4815 3884 1710 1164 3999 6831 3223 5088 2612 7683 8343 4841 7194 7747
26 3256 523 8080 6363 4249 629 4183 1593 1194 4785 2030 4019 7554 3065 6439 86 6384 6387 5111 5363 4908 2533 573 2345 4585 2480
28 9543 5324 3333 9128 8950 8701 1639 8679 9437 4938 3340 1423 6856 8284 6693 2033 831 4177 1840 7129 2700 7403 9108 5819 8117 2189 4586 4625
30 3183 4760 4236 3322 8277 899 3151 2194 2179 7703 3313 881 5869 5664 1137 611 649 1950 8491 1748 6468 1438 9486 7666 5402 6181 2881 7371 4254 6441
28 9858 7946 9743 2003 2768 8634 7393 7390 7784 6609 8769 986 8137 5299 1616 4555 5003 5799 1582 7530 2438 9193 9878 2308 2807 8539 8470 1864
28 8595 159 8740 7120 9454 5654 147 7896 2064 5277 5292 1103 6147 4080 6714 2270 4595 2580 5338 3969 9265 7687 2177 8846 796 4592 950 2980
25 1566 1377 8952 676 1042 9675 8274 6210 4147 3893 5720 3674 2462 5399 4686 2733 9132 8344 8739 5665 7192 2516 7966 870 6596
29 4506 654 1512 330 1520 9816 9494 3420 550 9274 6233 161 1163 2262 8371 8864 866 7859 2251 4470 5123 646 742 7182 4624 7583 2712 2810 3116
29 2098 552 5516 9115 6242 7406 7598 1149 3678 2654 8224 4435 8821 8007 1453 52 1240 8367 7821 3206 7452 2796 3450 7705 2828 1446 7729 7608 1363
21 4759 2263 7442 6580 9393 569 39 428 2759 169 2290 7823 9509 3600 6458 6858 3752 1957 2523 3059 7911
27 1387 1704 3339 2293 6421 4302 5925 4048 4444 4736 8889 3434 3095 3377 1068 2326 4656 4893 4305 2696 2081 3591 1538 3015 4762 7537 6088
30 7576 5944 8870 3259 1907 9915 5522 5446 6277 4774 5998 1935 709 6176 8915 2970 7676 7231 7133 8997 5853 4142 1107 3627 6289 7463 1634 4913 9869 7364
24 3190 8315 5195 9627 2279 3821 7304 2513 4728 1034 6728 664 2949 3013 4860 1850 4206 3689 9374 4721 8018 5618 7165 4964
28 1572 4057 2526 9974 5318 5296 4799 8689 4856 2040 2842 3321 5015 1856 1050 8461 7350 5977 3666 6383 6880 6281 1181 2105 2999 824 9410 5255
29 2849 445 1846 1614 9268 1715 8957 9546 2331 9990 4521 4095 1349 9187 2014 6836 6539 1495 2723 6193 5414 7736 7895 4270 5538 2862 8660 5667 4605
33 3425 6425 6935 896 82 8418 2608 4452 9851 9178 4062 8245 2325 4823 9250 2982 1927 2341 5252 1623 4187 2473 9801 9271 9062 4210 9637 4746 3938 5633 1891 6898 3748
29 4115 3704 4660 8745 6516 6322 3537 2622 541 3427 5074 1118 7743 7935 9750 924 8135 4538 6315 5773 5616 1332 5995 4296 2046 7518 9045 2668 7649
39 5014 1831 4390 1021 9732 8885 3518 3707 7180 232 2673 6686 1549 5100 5601 8214 5694 5219 3974 3963 733 3319 2321 1720 3945 8340 1528 9210 7204 4912 7619 5599 2626 2718 3717 5092 869 1235 1766
28 8896 1339 191 4560 7519 9096 1165 964 107 4647 1861 1723 4136 249 305 7385 8242 9419 4035 967 5607 1153 7523 4337 3274 9080 9918 4789
33 6130 1141 3075 1060 7496 5310 2145 7436 3225 8442 3489 6163 5749 8859 8352 2666 6462 7212 834 7943 9333 2443 8716 8985 3559 8810 3710 7900 5489 9349 8360 6656 4576
27 8854 6891 8207 2916 9984 9836 6677 62 1243 7592 3532 9545 8558 3926 2300 6146 244 1394 4253 8806 298 8845 4532 6988 2616 6264 5707
24 7735 4099 3763 2841 9258 7203 7240 6097 1309 5811 2699 567 1853 3211 8168 8804 2997 4859 9036 7754 2211 4954 3422 6164
26 5679 3968 1247 854 3953 3164 7286 5368 8423 6162 1120 8067 8857 7785 865 7809 8489 6786 6649 6307 5620 7567 808 7094 5029 5227
31 9475 4830 2496 6250 2573 952 8681 6411 5506 3192 878 3273 5874 9367 2424 6904 4955 6621 5340 7003 6571 9142 4445 7998 8520 2731 7107 1486 8640 3444 960
25 3709 2864 3575 9967 3757 6292 4298 565 9067 9793 2148 1249 9666 716 5841 2271 591 1510 7913 7440 1580 3547 2371 3080 2103
31 8858 8339 8134 2971 4248 7349 2531 3558 8517 2960 7503 3146 798 239 2463 339 8148 2283 2695 1351 8396 8054 4233 9318 7977 5677 8708 9001 7731 4540 411
26 8948 8678 7581 5751 7367 7910 8256 619 8358 5279 1244 5330 8882 5695 8221 2425 7023 8869 1561 8467 712 1811 41 368 8240 6216
31 9054 4878 6888 1499 6102 678 8421 4093 7464 2674 5843 1104 5501 353 933 9233 4045 9796 903 6963 4847 599 4086 3395 959 9472 3352 4381 9099 8744 8395
28 6440 5777 7186 1768 4217 7890 1890 8526 4116 5159 9220 3565 6651 5974 5840 6757 9681 8029 4191 3394 4330 6118 786 7498 6713 6327 4827 7820
33 7653 7639 3937 4123 6255 7952 1131 2745 4745 7392 6690 5366 6357 1557 5791 1371 1097 6772 5519 5248 5001 2133 6527 657 8656 2729 8777 2866 3840 1638 4685 9882 2659
25 7545 1066 6275 8651 9745 2738 2247 8036 1980 3330 9043 1838 492 324 3880 7127 4846 5094 1072 3154 6103 3157 2819 2634 9895
27 6229 7216 665 3598 4926 8108 8798 5157 7046 9919 2050 2188 1695 4161 917 4838 8034 7783 2543 7391 9691 5017 1834 5725 6068 5543 3870
30 6021 6600 3560 8471 1257 2609 7296 8154 5975 2646 9720 4344 7877 8686 7363 369 5631 9017 2941 6285 2932 2074 3947 4366 2537 6358 1464 5372 362 849
28 7427 4397 9942 1491 9559 9702 2236 4948 9107 9660 1290 1708 9908 5854 7919 4120 6223 2910 9758 4853 935 6031 8881 1669 4320 7791 7362 8636
26 5955 4754 6890 2459 3950 504 7016 7988 190 8723 5407 4489 4689 8435 3393 2010 4109 7514 2702 2650 9125 2579 9348 7521 3030 9354
22 7136 9440 457 276 3417 6005 1677 243 4241 7345 5281 8826 2882 4051 1645 9144 3976 4173 814 9788 9071 5392
25 7590 6808 1466 726 4957 5478 8264 6793 3069 7950 6238 4749 7276 9290 5741 7333 853 7874 757 9903 4593 2203 480 1533 8753
27 6613 3902 3361 8049 7579 2439 9315 6978 8182 1226 7275 2887 9280 6406 4637 2125 9794 3184 2988 5362 5004 4336 4287 6377 4793 3366 2791
28 8551 8590 6461 9685 5696 7625 3332 4358 4953 8476 9375 7122 799 8109 7757 8529 2379 2684 1006 4668 8030 4012 6431 1762 2544 3970 3857 8351
29 3875 3128 7929 7020 2401 8281 4282 8687 4204 6820 8943 2370 198 3894 4351 7013 3639 5393 490 4285 3413 9013 9101 6797 6356 5809 9474 6142 6575
29 152 6897 2954 3476 9462 675 356 9363 359 5611 2675 8279 700 4839 8764 4752 3244 7283 7098 8930 9377 1930 1626 196 2779 4680 3931 4771 722
28 586 2672 9696 4246 5881 3762 4391 5058 4145 7651 525 8159 3174 3923 8341 2741 9587 7510 508 9341 8923 6489 6631 2095 8658 1136 9860 7460
30 5835 482 8125 8969 16 5005 8549 1138 3625 2266 8645 6523 9420 7209 2122 6085 4090 5540 3073 3552 8643 1902 7600 3374 8218 7002 6371 4791 825 9969
31 3815 6770 7695 2012 931 1740 3858 8581 8914 7993 6740 5781 9728 1618 6386 1963 66 3605 8425 9534 5087 6401 9536 7857 4020 5593 2119 3589 4832 8819 233
26 2150 1965 7439 108 7864 4046 1080 979 1750 4017 6697 7466 4428 6143 4918 5531 9596 6967 7067 317 3838 1470 6667 3101 5551 3642
24 2635 6796 6093 350 3612 4144 3266 3091 6419 2917 1620 7009 6367 6026 4335 9040 6288 6270 9972 6324 6153 7004 7718 4087
27 8786 9498 5537 422 5201 5177 204 4564 5834 4092 603 9800 210 6134 4700 381 4143 7632 1733 7017 6420 5234 1594 1263 4698 7123 7796
26 9111 3482 9930 1197 6681 4495 4828 6361 8292 7405 833 9090 7423 9628 805 5727 4614 588 6792 5920 154 4022 1086 2072 6490 8887
29 1386 698 4568 3471 8906 8615 5051 1276 91 3934 111 4684 1444 7443 7104 2730 2869 1819 8087 3327 8817 3768 3593 8010 7376 2812 6008 5845 711
25 5465 7229 7402 7724 338 1913 8006 901 9554 4520 6460 9287 143 9547 2108 1403 3378 9965 3980 783 7287 8043 8682 6149 6017
23 175 8983 4238 2876 6313 3411 971 3619 4264 2558 9857 8332 3806 99 9757 2753 4496 5463 3933 6243 1311 9642 4594
31 1048 7047 612 5528 2836 9019 3620 2144 4304 3479 93 209 6535 1370 1668 9664 6882 6192 376 3389 2187 645 5614 3263 1019 1183 9686 4820 4897 1315 6090
30 6603 9447 9820 928 6718 1760 9184 6369 9044 5700 1228 4515 8512 680 7058 8370 1654 7578 9337 1400 3052 1324 3497 8408 7252 2405 3936 3796 8037 3554
32 2772 3265 4303 4766 3312 5461 5226 3716 7028 106 4931 3388 8944 21 1166 2780 1483 157 5947 5775 5627 884 8496 151 3538 5649 9025 1119 9452 6974 5681 9481
31 389 2830 3104 8432 26 4824 9708 6817 8460 4640 8493 67 237 5782 2617 5718 2872 3418 2407 2839 3539 9005 1273 6066 6501 4255 5196 5032 2041 8771 977
27 3233 6543 288 9966 5585 4252 7299 5138 8463 9798 3791 9862 2539 5847 4601 1171 1606 5422 1101 5979 9638 2160 6577 12 1801 2594 5561
29 5262 9868 5197 3694 238 2771 2142 3215 1693 620 1493 2935 6178 9389 2032 4125 1156 6695 2127 9938 2421 2566 1375 4411 6013 6972 8959 2456 5065
31 1826 1942 2890 2140 2752 1430 2710 7931 1020 5429 9917 8907 8455 8538 6484 2800 2581 999 2929 6775 5563 5449 1497 3483 7048 4959 262 9542 2385 9580 7774
27 8394 2005 9042 1575 9121 1245 6538 4630 4363 9842 3127 4382 1879 914 6323 9624 5986 6469 7716 6372 2102 1978 7164 5849 1255 7294 2149
30 4891 962 9692 8657 2482 8324 4573 6966 4722 6215 6300 9733 7473 8296 954 8883 1530 7778 3293 840 5078 3915 1388 1061 4905 3859 5231 3633 9995 973
30 9392 8121 314 5069 5895 3557 941 1944 848 8309 8260 4290 7958 4215 57 2757 2972 1652 9429 1757 6107 5710 8852 2302 455 2478 1010 7852 8265 4901
27 9738 1660 5889 4937 3696 73 2232 2680 1810 6344 360 1622 5770 3011 580 3463 2484 5357 8138 6144 8772 9221 7644 1947 1820 7965 3808
31 5455 2805 2086 182 7529 1380 4053 2129 7981 3037 3481 4262 5411 337 6895 4106 4704 2173 1823 1992 6700 5715 6593 9342 6784 3779 1369 2400 7926 6498 8465
27 8267 6671 5462 8829 5117 1588 5857 9324 9737 7037 2255 7150 3382 4761 8534 7064 5623 6840 3257 8802 6932 1615 6883 7697 8268 1690 7272
27 4077 8366 4442 357 8697 7022 8328 2409 5090 3794 7059 4343 5356 211 3125 4498 488 136 2317 7389 9905 9713 6573 587 3038 655 6614
26 9168 2607 6497 7358 5387 3845 5542 2375 9078 7483 3086 3362 2643 2080 7739 5648 4406 5733 9566 3032 4265 121 638 3148 8412 519
25 4753 7222 4214 7351 7865 7513 3130 2802 8189 4930 406 2171 6426 9421 7499 1216 5929 5576 1827 5709 235 6532 4516 8715 1445
29 5876 4616 1925 9200 1590 6382 9382 4408 473 1433 4457 4888 6069 822 6585 909 1636 8283 4129 6861 2022 3358 8179 889 717 7677 3083 6320 7540
24 6423 7794 5952 2933 5713 1681 8569 7960 6872 9368 9127 4316 133 5265 7493 7909 9469 8313 9701 4208 2190 2953 5678 7471
30 7643 7343 498 4976 2058 2644 1127 7268 4657 3817 5332 3807 5962 6483 4421 2714 4570 2447 2118 8839 5034 7170 5143 7659 4927 7746 3760 6266 1607 7775
36 1641 2713 3833 6959 7335 5826 7667 466 6473 7671 3212 2083 8325 2355 4603 1885 2837 2324 2206 1088 4541 6336 913 1476 6514 7254 6047 1129 8576 7074 1333 9152 3872 2215 277 3634
26 4078 6330 4122 3921 3682 6073 682 3297 5439 576 6976 5890 7005 9299 2697 1502 8303 1696 3523 9722 7714 5615 1305 8918 8216 9741
28 2603 9246 8128 3878 2557 3201 6869 7381 7061 1354 2415 5119 3546 8666 3983 1054 8310 1565 9946 9105 7451 8905 8788 2329 7435 4353 966 7886
28 9413 3827 9695 8464 1059 3442 4784 1055 8831 4874 6675 1248 521 8665 4546 895 4902 9630 398 2112 5625 8676 9503 9032 497 8272 6960 5666
37 45 4960 2795 6664 7976 3623 2024 6826 7866 2477 9317 6989 2760 1709 6434 5352 2606 3622 9411 3941 3853 9507 440 3569 672 1065 945 8136 8922 8393 1995 2962 9563 5650 9438 1559 9138
30 5954 4322 1492 5334 2169 6410 1016 2167 1542 7316 1219 4792 84 4873 3121 9118 5152 8095 6521 5242 1702 6685 4013 6702 2964 8994 3197 8784 9431 4915
30 9014 6227 8386 1205 9606 7543 8575 5901 9394 2794 290 5578 1168 1915 5080 1744 4925 6837 2564 7210 7634 9234 1077 7454 4121 640 47 3072 2969 5044
33 8946 3756 6154 2330 8586 4386 2221 7375 9762 4575 1679 6472 6185 911 8015 2615 751 1114 407 2087 8379 3738 6070 3307 9146 821 2282 5337 8197 5491 5779 6732 8392
33 7318 306 724 1040 479 5483 5612 2775 3443 6128 2435 980 6515 3277 7766 9651 6388 1774 9252 6530 379 2660 9901 7940 9859 186 4884 1393 4197 5789 4526 7270 6479
23 7179 1113 7384 9076 1659 630 689 9499 3637 1436 7308 6996 7012 9050 8196 1741 7550 6608 8275 6517 7647 5513 9941
29 2446 6638 2090 9460 3781 1267 5307 3090 2433 4758 4413 871 8894 6948 1046 7199 6629 633 8319 4085 1471 3792 5141 7139 6366 5569 5507 6842 4678
26 9601 5049 7011 1776 7679 4454 1028 8150 9771 9952 3685 5477 3978 9011 414 4261 3012 6803 2240 9176 5286 7804 9731 9544 6942 124
31 5057 4447 7448 1751 1275 9520 9097 5435 1322 7111 8123 5397 8089 4565 2900 412 1507 3525 9297 6628 7975 1684 774 3475 410 9680 5560 9285 7478 7805 3232
28 6599 2265 9826 2858 8282 2253 7430 5693 5218 1411 8904 332 6773 3356 1701 7692 4676 2219 9046 535 165 9331 7465 5140 2285 4360 5285 6246
27 9106 7132 1805 7481 1855 4192 5167 8469 4483 5023 7672 4266 1223 7171 418 6050 4162 7083 1334 7904 1479 1266 5918 7801 2075 3188 9478
25 395 9031 3630 1175 684 606 8506 8700 1307 8628 1880 4547 109 3152 9312 3043 744 260 351 6887 6415 5548 7654 4111 7722
31 9688 7787 1756 1217 6437 435 1707 7317 5802 5314 7802 1630 8616 6993 1761 1145 3102 5688 1523 2726 1970 8662 7226 1200 4816 6733 3578 6761 8574 4235 8696
31 5260 9714 5325 3503 6992 3260 5675 9772 6822 4076 8454 2027 8486 83 9809 7340 7612 9002 8780 1173 7999 1941 7832 3509 4810 5011 6907 8979 5430 9645 6173
27 9997 9742 1424 3519 4697 1794 320 6312 8794 7071 5963 6763 387 1029 5191 4328 3740 5628 3252 3964 6679 876 5521 8695 7214 6626 2994
28 4768 2517 2793 128 8118 4717 768 5348 1004 3647 6572 1545 5420 3686 9729 6991 4946 370 9516 6896 1343 423 4848 5812 6704 6823 371 1298
33 3187 9321 4661 9727 5756 8919 291 9721 6057 8458 1724 6449 2923 3136 1458 4277 4549 183 5825 842 9749 8692 8212 7920 9744 7562 880 5101 9208 8487 5635 7996 4361
35 6056 9662 8523 7031 6623 7699 6379 6779 8609 6994 1932 4190 4559 7955 1526 4127 2913 9007 8639 8378 6692 5485 325 7027 8198 5891 9357 1658 2434 8779 6818 240 9188 2952 5320
31 7674 6683 502 7552 9385 421 2126 1996 8022 5223 6256 5509 1002 5200 7025 8650 9931 9409 9671 1252 7504 7497 7293 8633 9181 4531 1881 2268 5712 1653 5211
27 7782 750 6245 1410 5128 9625 6990 1440 4251 7745 5064 1742 1188 9935 8926 14 8217 9567 9239 4968 8965 4450 616 3583 8986 6094 6405
27 3039 6845 6980 271 5082 6985 674 9240 1242 413 70 38 5290 7532 6591 48 7081 1033 4806 6165 6886 5932 3447 9886 5527 1697 4300
32 1764 68 2469 9073 3380 3318 8201 6274 9059 2274 2175 9442 1082 2735 2178 8611 6581 7792 4723 2220 9525 3408 7093 7819 139 1529 6548 6751 7544 3226 9724 5269
32 4467 4801 2550 5608 9441 4808 5247 6030 2746 7974 7891 7927 9314 8206 4374 2897 9303 8886 4157 9668 1073 6505 4429 2861 3966 8287 349 2340 6499 3196 1327 5486
23 8039 1807 4607 4018 3242 1098 5059 4047 8482 7077 264 7200 5692 8868 9614 5264 9569 1812 9423 3349 7474 2620 7134
29 4071 5967 915 7309 9150 8266 7239 5496 5763 391 5584 2857 2390 4160 9923 7558 4740 9717 7879 9532 8580 469 6273 2250 9034 2514 3138 8307 4171
30 9351 2202 3051 9378 3150 4655 5210 6267 1368 4205 358 7336 9689 7645 7312 2151 3574 6110 9867 7956 7786 7311 6089 5019 1583 1786 1939 2716 5897 2630
25 9215 2335 3044 5868 2410 9457 3654 2835 2547 4101 781 989 6380 1977 1906 8291 4861 3296 1570 8647 2732 1279 6002 7568 7414
29 3353 3581 2332 2512 8613 4636 7259 3170 5302 465 6138 6862 3955 1044 430 2082 1535 494 8401 5464 3973 8452 2377 9539 4326 4407 5280 3901 8009
29 5588 596 3119 6200 450 5298 9719 6634 9172 6470 2303 6364 8499 2924 1524 1796 3061 9355 5758 5539 1910 1116 6126 6619 1449 852 8548 9296 4977
29 4967 4469 4501 5815 3347 8924 572 1821 4527 7062 5597 9704 2076 3488 4074 6418 3888 2193 7437 9928 8524 8557 8202 7512 9291 7923 6012 224 470
29 9191 1753 477 1597 2085 6618 9892 2289 2511 3863 3392 3490 5766 9381 5114 5622 6353 2792 1884 7160 5145 948 7386 9778 8501 4714 1399 3555 2254
30 4114 5801 4166 8733 3455 4250 3733 6727 1784 2470 9126 3925 8047 1128 9672 6846 4373 7673 7248 8866 7262 9102 8101 8451 6241 9124 7738 4461 6737 4644
33 3016 5388 8850 4279 2049 6658 9648 5760 4562 4243 5137 1459 673 623 7378 1537 302 8420 9730 5103 4899 5165 2356 3165 7101 1017 894 634 1943 4518 4548 2016 2367
25 8078 1833 286 9366 7458 220 590 1420 6606 4921 1908 907 7620 5027 9823 6045 6691 5626 2199 2978 9953 3588 8559 5317 2528
22 5482 5233 5984 6284 5783 9223 5878 2286 452 6510 3034 7102 7159 4509 6689 2742 3561 2669 8836 6828 2925 9700
23 7148 9117 6416 6278 8992 2298 2280 1754 4179 6182 6998 5487 2488 875 5923 1605 8359 3910 6260 7154 2706 7934 5823
31 3873 2442 6970 2399 3462 9397 397 7691 4672 9491 1555 8652 2020 9618 8020 4748 6873 8982 5573 5655 2208 3924 9305 5358 2865 1347 5985 127 2895 2249 1911
31 5454 13 5532 8481 6983 2201 8791 4395 74 8783 3683 2928 2998 6665 5994 6362 3129 9140 2174 8056 8403 6984 6913 1362 5359 581 4384 501 8070 7593 1651
26 8440 5886 6003 1964 4126 7773 1917 200 135 6171 3839 1870 4633 7033 1383 5174 8155 1806 463 5203 7301 4038 6943 891 4956 6413
30 333 862 7397 5153 6563 7359 2536 8377 8974 9973 199 7432 2465 8842 6624 8295 775 6940 5957 3714 4972 6081 8863 8126 10 818 7991 7156 4058 1648
28 681 8299 2554 9227 659 9484 1674 420 1532 4292 5904 686 5913 6684 1719 9103 8082 8271 3248 8703 9682 1782 1005 4008 2902 8290 1851 5273
27 8033 8099 3628 4802 2013 6753 6007 3040 5253 51 2062 642 1320 6486 6508 8348 982 6802 5150 9676 6043 8474 2117 3909 8225 7772 75
26 3877 5041 667 6844 3667 7369 9853 1971 8369 3058 5291 225 1418 3723 1057 6079 2231 6443 6525 5518 1686 7788 4274 4512 126 3504
32 2586 8698 5557 5997 5910 2018 6752 9362 3887 1694 9247 3290 6115 6601 4288 2369 9122 449 8960 6877 8921 6839 4987 4464 8612 8280 8632 5936 9916 8151 6038 6121
31 3440 3991 3987 3295 6922 35 5596 2728 1121 9376 9029 529 1489 3778 9010 844 8688 8773 4054 8563 4778 7669 6254 4319 3426 2261 5907 8416 7997 2157 4329
26 9581 8835 8297 2042 779 571 9678 3722 3300 4194 8877 2522 2184 8038 1401 8129 6204 1058 9009 658 7686 5232 8409 448 9094 7417
27 9832 746 8561 5149 5127 2358 2359 8737 841 615 5322 9087 7056 8963 3684 335 6124 9779 3788 9114 6636 7073 857 7453 6503 7631 1099
32 6197 4980 3701 2 8438 5244 215 9165 3783 9272 7489 7163 2955 8253 3131 2833 8334 1413 1736 3113 759 6346 5788 4242 9602 2896 7868 8306 9134 7166 7424 3818
28 929 3632 8903 1398 2914 4553 4472 7880 4325 4497 5327 1262 7702 984 9424 1828 2899 3754 2259 7241 4220 7250 9205 7354 485 6222 7741 5470
27 1030 3772 8130 3036 2569 6167 6919 2843 2629 4612 345 6414 7626 8333 6900 4308 2503 2553 5158 7119 5459 4811 3168 5609 8298 503 2436
32 6570 9166 7636 1429 7177 8727 8111 6286 261 1849 5413 7830 2686 1905 8422 9616 5790 2740 7932 3007 5866 2461 1202 5039 3687 4271 8164 4619 8916 2481 7066 3708
26 7633 5973 8949 2578 7721 5587 7835 5096 8832 3975 9081 8254 5746 3409 6884 507 801 1940 7599 1251 3572 8672 1509 8596 2786 9204
35 666 6557 9417 4765 9352 2640 4910 5714 3949 311 468 3336 9976 8347 9228 6829 7696 3108 1457 5880 9709 8495 4023 5444 1649 1534 137 9496 5445 9978 2976 1428 2291 2809 4331
28 2223 2163 8472 6756 5999 3122 6866 7768 9986 5071 3229 4818 6999 7370 7001 3441 2287 8498 8028 1213 4499 4225 5364 4000 7480 3988 1540 5674
27 7006 2228 5456 4739 8494 1998 1306 7078 1872 1003 5118 9845 539 8796 8362 5737 1845 7582 6529 8071 2987 8648 6022 7106 2501 6397 2623
36 6042 5062 7984 4311 3009 221 7526 6205 1299 425 597 2028 7925 6582 6456 7701 6457 9996 6968 7630 1858 2492 4842 8 2750 2002 7092 5381 4468 3112 2559 426 1967 8353 1484 9958
25 1717 94 2785 4535 3405 1373 308 3651 5401 2001 8912 2426 9365 6716 1706 3137 2292 6946 6827 3445 5762 8690 892 2942 4037
28 9282 4701 6509 7986 5423 5619 4350 6218 9548 4168 5689 6951 5075 3692 2309 3276 8674 122 8664 2159 3133 8045 2885 1975 4643 6390 6546 3143
27 6885 4804 3720 8934 1926 5574 9467 5424 7597 3110 6954 600 125 6156 1070 6350 6249 4604 5641 1463 2210 7658 4222 5344 5844 6810 9577
26 7662 4796 810 9636 4307 2242 9182 8076 8330 1206 4835 6024 4258 9427 5287 5778 7825 401 4484 5217 8940 9020 860 8317 4354 7021
27 8019 7566 5771 3640 1278 9590 6731 184 5312 7450 6918 5083 8956 6291 7344 4424 4737 3571 5139 6019 5339 8169 8112 1287 2008 1991 496
27 7320 1769 1143 5134 1608 970 5323 9461 4079 363 5440 6354 2852 231 4332 9400 4843 4103 3773 3690 2688 1008 8888 8084 547 9164 9914
25 188 9884 4639 7117 2039 1207 1647 1182 3795 1091 6696 4280 9564 6039 6957 3115 7954 2905 1716 8247 1937 453 5774 518 582
28 6096 7382 4989 2365 8003 3702 5671 5188 743 1883 4293 3705 4226 3920 7591 3419 342 9319 1703 3087 1989 6911 5764 3940 3057 8387 1954 4539
30 1415 2152 2599 9817 2966 1133 8564 8873 8638 2474 1988 3284 1352 8560 5479 2043 4310 7079 1426 279 1284 6109 5025 8127 1869 7508 9041 7789 5717 2406
33 4634 7235 8851 2963 2747 7144 9955 939 5303 793 2689 8677 584 9458 7290 998 3641 5447 5056 5419 2319 9611 1729 3200 2655 9945 5686 6688 8941 2493 764 3285 9527
29 9145 2652 846 9591 6168 7707 9790 3573 6902 8518 2832 9153 5142 8213 384 5162 7882 112 3068 7964 3624 9608 1874 4584 1227 396 2431 283 4659
30 3636 5370 5939 2000 968 1390 208 8970 4315 2601 7190 5592 292 2818 4713 4213 8190 1918 7881 7635 4359 4513 5494 5743 6560 6717 4682 9687 4257 5988
29 9822 1312 2813 7191 9899 7149 5580 4524 2525 5490 9035 6672 8145 2577 7973 7844 9214 905 6035 7814 7137 2824 113 8535 7542 7726 7885 1791 6627
28 2584 6392 811 4068 7449 9079 1923 8410 9380 3770 5382 7906 3631 8035 4218 2077 830 9487 1286 9432 4725 4939 1475 752 714 415 4224 8932
29 8546 8543 5345 9039 434 5102 4486 1904 1725 7455 5474 6033 3982 9068 3759 1498 5800 9595 7834 5131 2192 2458 4041 217 149 6305 4552 1916 8799
29 8544 1752 7494 9251 653 5726 2138 6616 5784 7541 5406 5012 8153 5480 5347 394 6129 1873 758 887 4742 1335 3294 1277 2269 9698 7319 2532 1185
26 4065 804 6785 3027 3412 2053 3203 5556 409 5603 123 3798 777 1142 3599 5590 7273 9920 4554 8785 9167 6506 3653 1678 6830 3107
26 8849 7205 5077 9224 1554 9907 7538 3429 5183 6329 546 5550 1085 3543 729 1866 9264 4780 8233 976 201 6196 1841 5813 2273 4690
31 4574 1734 2777 3698 9428 4314 3731 185 3299 6296 8988 3431 8552 2977 4199 4317 2225 3928 7732 4991 4863 1699 7902 3586 6916 1015 1105 3468 1106 5473 8694
29 2452 1539 7015 8356 7279 2906 9761 5883 8958 9583 7680 1680 6310 7321 7258 7271 7700 9066 3728 4159 6067 4024 4427 543 6139 3237 624 696 2388
32 9180 3288 6778 3746 1220 4165 908 385 5457 9725 1007 4691 3670 4284 5259 2973 3054 7831 5646 9292 3971 5389 1246 347 9715 1857 9022 3527 9576 7089 1522 7187
29 8407 27 2241 4896 8766 6766 6221 1302 6562 5757 1193 7415 4833 2763 8437 4132 1308 5752 4240 8702 5708 5250 2597 1546 7332 9517 4866 6480 9600
30 138 6687 6699 2756 9263 8462 4313 9622 9781 9658 7876 648 9780 5428 9824 1452 4340 5642 4706 524 9656 346 942 3208 7280 9613 4352 6442 1212 5723
27 9446 2069 4091 3932 3283 7361 5010 2281 1792 3194 3635 1056 6749 7167 1536 5495 2460 6875 6004 2880 7266 8789 4108 5391 5466 6157 7887
23 9211 1712 2965 3050 1994 7675 7105 5964 3456 3585 5606 8475 6226 4800 7889 1973 3089 3597 8308 7100 5621 6133 1627
26 9764 5846 9492 5116 4867 771 1258 5887 2947 7536 9089 564 6082 3132 8497 9647 2420 9693 8729 1274 8326 4042 2510 4947 1473 8964
29 5798 436 3693 6928 6657 6519 5176 3176 1749 4028 8144 3124 9694 5732 8860 1117 303 912 9512 3843 6122 8354 5452 8388 9977 2427 4061 8792 3436
30 8085 7115 1670 5668 5598 9241 4858 8239 996 2538 8655 168 8350 7589 5427 2204 7069 1876 193 4648 3261 4879 5807 9840 4403 1500 2751 2498 7322 1993
28 7883 9887 1067 7867 1562 33 8646 3195 5570 6412 4857 1889 7949 7043 628 2278 7500 1624 5871 9541 6370 897 6 7477 8987 7817 5953 1289
28 1574 1568 3316 3172 229 593 930 8577 5403 7032 1490 6337 4813 1063 4113 1272 2181 772 5421 6034 9684 146 6981 2505 166 937 3472 3006
28 1111 9194 7793 9646 2430 8074 171 2838 5315 4031 7942 3484 9332 9792 3026 8175 3890 1781 8230 9171 6219 4283 614 8433 3663 4963 5410 5885
33 102 8961 9568 5472 6961 1124 9856 6409 4545 1897 3989 8055 7036 6552 1962 4986 7130 7172 9560 9070 148 3097 6805 5735 6583 6769 2264 2093 4890 1184 6969 2804 2582
32 3491 7760 1191 5529 1148 2304 4966 4152 9540 3001 402 150 5748 9854 6276 2909 5175 6814 2878 522 3401 214 7994 7410 2362 176 8102 5629 7930 3816 1665 2507
31 816 9940 8053 5658 2873 3847 4621 8553 5274 5838 9883 7131 2986 2389 3251 3700 2114 1667 1221 3499 247 3000 9468 6771 9620 197 5261 6495 145 1350 7207
29 8995 6982 7030 5917 1983 9632 3139 4694 3644 6764 3912 8211 4163 5282 6701 32 1392 9430 7758 2708 9077 6938 3433 5431 6934 5016 4877 4940 6135
28 2414 6001 4543 544 7698 3582 4355 7087 690 6186 8318 5198 8807 9359 3067 2945 7292 7189 6964 5099 7548 1979 464 2311 9476 2487 4502 1773
28 9284 280 4392 8833 1441 4566 3182 8004 6268 3606 8106 4379 3368 9959 9716 6594 4149 7585 5498 8608 9386 129 8998 372 8219 7858 9018 9982
33 671 3076 8568 5209 9522 9190 3536 8933 1174 9848 219 5514 8191 8691 6044 4669 6075 386 2070 7628 7357 454 4216 2575 5316 2483 7125 9705 4981 2357 2789 5284 2338
31 7828 4671 7096 6046 2570 9120 3992 443 8050 3480 4831 1218 6893 916 5450 1461 6698 6111 9295 5236 8300 4932 3221 4608 486 1316 3451 3467 8774 4419 592
27 8220 8184 8143 9699 5436 1340 3018 7243 1564 9703 7596 2416 2576 475 6166 5541 4812 8107 6923 1455 8838 4733 9277 6867 7843 8187 7063
36 4119 3240 8545 3656 5112 4476 7957 8293 5863 4273 3158 2892 1259 5530 9970 6145 5451 8066 922 3942 2739 361 1567 6396 7813 3056 5458 4333 7862 1506 50 8100 677 24 6240 2084
30 8246 4060 6032 432 9139 2137 7878 3905 902 5822 6824 2230 1189 7824 1214 1933 5024 382 1451 9513 3594 46 4982 284 9061 9523 1629 8062 3529 63
28 1359 8286 3618 5553 9937 9898 3100 3675 3892 5289 2408 710 3646 5943 9323 8758 4865 2402 9926 9048 8485 6040 7616 5054 6332 2585 4418 531
29 78 90 9336 9470 7026 3954 8500 7915 3745 1839 5350 3416 9736 6048 6078 5239 2690 9644 8397 1984 6642 8302 2926 77 3958 9866 6217 5851 6172
28 7584 4338 4769 5171 5086 949 9803 3281 4004 5821 5687 7472 1747 9158 4098 153 2245 5989 3142 1356 8962 3996 4664 2248 7411 3652 4674 1596
27 327 553 7894 5109 2101 3917 499 2233 9760 2808 3721 6780 8094 3753 4477 64 3615 6314 5469 3793 9514 3163 2667 6203 2814 1551 1637
31 719 7313 6668 3681 4169 9286 1421 7147 4788 6036 36 4055 1671 7409 8008 8824 2720 5135 9707 1416 4750 6403 8571 3751 9834 1687 8188 978 2749 4881 5107
29 4141 8504 4327 8234 605 3881 7800 4044 9889 5192 7560 8938 1482 5067 8713 7546 299 241 326 8825 7269 2764 7734 5946 7281 9991 3474 3957 6906
25 3236 1330 2252 9033 2339 2468 3556 8728 8222 9434 6006 2006 7307 1169 2299 9597 3485 9493 5663 5753 6465 2618 6783 6947 7555
32 4398 476 8017 4239 6407 4715 4005 2106 1151 6547 7693 8588 5068 6287 8892 4919 861 7146 6100 4094 5617 3178 8361 206 4155 2294 651 5559 9927 1211 9404 3227
27 8598 7613 6720 1842 2472 5448 6767 745 4889 2243 3379 1389 3981 5786 9098 8843 307 3967 4537 6455 195 8174 6201 6136 3601 9786 9556
27 7937 6214 9075 9095 173 2238 7202 893 7761 4460 6927 8591 863 3495 3343 6302 2246 3372 1230 1814 1155 9364 2778 7551 1705 9615 1154
27 7822 3235 4067 6351 721 6551 9477 9350 1012 4388 8511 5983 9092 6719 2500 6502 4207 6725 7314 7826 9000 6855 692 1361 8060 3062 9510
27 3660 7855 3533 747 6973 5400 8937 704 2313 4577 5384 715 54 4869 8604 8278 7663 9673 1391 5816 1591 4269 6342 6661 5702 9347 8096
32 8097 8669 281 1037 4415 4195 2555 5499 4231 2334 3320 8917 9529 4914 7740 8436 557 3437 6607 5810 6083 2272 9783 4854 9849 5719 5660 205 9987 5780 4345 3071
27 6950 8090 6578 7014 6925 1604 9961 2450 7660 5121 3603 5249 8722 5072 6170 2806 3852 19 2773 8853 5342 6169 4380 9463 3719 9555 6202
29 3423 2156 5613 9408 663 9777 8257 975 1541 8005 1304 3398 9690 3280 3515 4952 4992 3502 5214 8336 6739 6777 6937 6108 7987 2884 7121 9723 8805
30 1999 773 3460 8120 273 7742 1236 2642 3854 1767 4334 7195 9311 965 2372 9598 4378 2798 4321 4572 8048 5888 2363 4510 5173 1798 3308 8374 3106 8314
31 2993 5326 4797 4951 3867 3396 309 8176 4394 3604 8441 2055 5309 2548 4430 4180 3220 5767 8490 9893 5154 1625 2449 1513 4744 8531 312 7306 2990 287 3810
31 9872 1691 8710 3383 7575 2218 7467 6979 6708 7257 644 1280 9 5842 8610 2256 6905 2229 6394 2222 8719 9879 6782 3098 2938 940 3962 5591 7978 4364 6091
26 9988 3258 1976 2350 7790 5610 956 250 3882 8993 1837 4383 2984 1146 318 3960 2128 4894 2023 5722 8163 9301 2065 2398 5216 3876
27 3611 9037 7752 817 2212 6027 380 1603 8122 6914 9116 3812 1135 7075 6119 4232 7438 608 8457 9550 7360 1576 5549 2907 9829 5915 2494
24 9561 6857 5129 9416 9273 7842 5637 5512 313 3407 2685 8248 9217 4276 4027 2200 5750 3750 441 1281 4840 637 2530 7456
30 3831 9925 2765 9104 6231 1560 9123 8439 4887 6359 6230 6188 2097 6586 9218 4825 2657 5220 5731 1450 6232 4649 2831 5190 695 6293 2393 2170 7903 6787
32 2711 4066 8565 5377 2037 7116 2801 4730 6244 530 1610 6795 3364 2826 9906 3317 2165 9552 234 3616 6977 9653 6939 6734 2490 7434 3526 6659 4459 6533 7854 9932
28 3363 6791 8205 3005 9129 304 4627 9235 8251 6553 2722 3315 7237 6908 9877 131 3927 3231 1931 5468 364 9789 6569 5582 1115 1550 3403 6301
23 8141 9038 9236 540 2051 1795 1198 6750 734 2590 8813 7247 5346 6653 8226 8984 3428 3861 4741 4571 3607 836 7688
28 7138 9159 1271 7042 8237 9302 6703 6652 5045 8131 6590 8734 1698 5073 7431 3837 1632 3329 6140 5267 9578 9402 3521 8032 3906 2380 2213 5921
33 9888 1599 8026 5942 1417 8445 1095 9943 8235 7374 5547 4519 9497 403 7549 8814 3446 6545 7206 985 2662 1844 6662 3725 1232 3542 2491 7289 7807 6901 7246 1150 9558
26 4433 4807 5237 1758 610 5433 1081 6715 9051 2316 3199 8675 4365 7912 7425 9875 5602 668 8014 4267 3510 3993 1385 467 7470 9192
28 957 9361 1818 4034 9549 9831 5084 5343 4641 7727 7082 6997 5852 5817 9334 9177 7044 6924 2453 7506 2347 3990 4036 3438 5882 4683 6722 5644
31 839 5938 1862 9669 5182 3292 9329 7110 5875 5168 1089 594 7068 2124 4985 5230 3458 9262 6528 9897 9663 4755 607 8192 1790 9805 2834 4600 3985 6952 647
24 1595 5031 8699 1644 6794 6295 8398 1132 1269 258 1303 5367 3180 4118 6020 6641 9775 8951 5305 5996 8241 7090 578 2783
34 993 5837 8781 874 6445 6464 5682 8285 2613 5369 4158 4941 4456 9655 7860 1721 4448 7615 6930 8972 1763 1338 4451 1078 6592 632 3729 181 806 4561 1672 3540 2587 7264
28 4466 474 8977 2769 1465 4001 1412 5353 8488 6212 6160 8603 9654 7404 2560 9390 2975 8380 3673 9433 859 2567 5787 3664 8589 2957 1738 7527
31 1817 4751 3914 7985 8530 1969 792 8790 4642 4193 4289 9260 3286 3846 4081 877 5972 7556 3250 7898 222 226 923 9195 5961 7169 4907 652 8402 9838 2504
27 934 9718 1816 3278 8714 6868 1093 4137 5301 7291 4720 6025 9261 4167 8757 8259 4357 9846 7780 315 5319 1974 6086 8002 4580 788 7234
36 8424 9594 3665 5740 9130 4629 515 5706 4069 9439 9267 2183 5793 9812 7983 7990 9008 7853 5026 2692 2485 8847 536 424 5271 7420 3862 506 9063 7220 1728 5110 9244 9003 5374 4978
26 2378 9243 5475 3501 7969 5797 9565 3234 1431 9309 4578 2464 8355 274 2226 2411 812 4016 9807 944 2588 7972 4646 4346 5736 6730
33 6424 7297 5185 3064 60 3186 8913 8920 9186 1519 3813 4665 7039 1069 7157 7298 4851 6743 6282 2419 3602 3432 4886 4731 7057 7274 1586 18 7052 9962 3457 5042 3767
23 2874 9797 6123 4673 9310 8641 6666 9983 5018 4602 8990 2466 354 5927 9269 6297 4563 1877 2844 2904 9100 2561 2611
24 8644 5467 736 6237 1515 319 4446 4064 2651 545 7941 6811 8338 7196 3650 6678 3255 2361 728 4620 9950 79 4590 3570
35 1587 2563 4949 1468 7183 1745 8751 7603 6280 3114 9795 8289 5659 8147 6191 6213 3771 1829 1494 5652 4033 6712 4670 3342 7547 7565 5172 5243 9881 6011 6447 3207 7008 265 1793
34 6257 1779 7323 879 7719 2591 8620 1836 1871 5293 1074 9502 8801 3584 643 2015 2475 4693 6009 6326 9626 2602 2676 7657 1646 4505 754 5795 2448 5471 4699 9697 8683 9770
27 558 3209 4794 487 4400 7327 5053 431 3742 9910 4687 2825 1661 3461 1496 56 5651 2131 549 162 5824 7461 3478 3173 2781 946 6511
29 4107 6062 7611 8875 2323 4096 8012 2774 2541 2983 9885 8466 4544 2044 2859 3730 245 8031 9734 7495 2455 2471 9819 7228 1209 7050 2911 3334 6148
24 8057 8447 7421 9592 158 8834 3528 7916 4588 1899 1948 1929 2671 7737 5640 8444 8059 8065 6694 5873 9667 4666 9586 6806
31 4523 7539 9747 5113 7084 4834 8954 1009 9006 991 3563 2004 1294 6706 9276 4244 8116 6417 5047 3736 458 1843 520 1331 2374 8160 1714 253 3668 7153 6051
31 6669 8468 6640 3679 6117 5896 236 4341 9203 9835 7811 5818 8844 5909 1771 693 6492 1780 7225 7573 4606 8069 3270 8508 267 2383 2627 6881 4422 7841 5193
28 4852 8183 9891 462 4175 5126 1238 7045 4997 1683 4882 3834 7989 8149 7725 5565 2663 8119 1656 3245 2605 708 2856 88 3661 7968 8132 1778
30 2209 7918 9219 5333 9752 9874 5079 9975 4229 7305 560 8294 7007 2811 5426 4934 4525 8414 4763 9521 988 3469 3084 8606 5864 8830 7261 769 9015 4188
